0 0.16875 0.21875 0.078125 0.078125
0 0.034375 0.2140625 0.06875 0.06875
0 0.09375 0.234375 0.09375 0.034375
0 0.2125 0.32890625 0.071875 0.0421875
0 0.784375 0.01484375 0.05 0.0296875
0 0.51640625 0.421875 0.0859375 0.134375
0 0.490625 0.36875 0.053125 0.0375
0 0.50859375 0.5 0.1015625 0.1375
0 0.5359375 0.61875 0.046875 0.10625
0 0.52109375 0.7890625 0.0765625 0.071875
0 0.0921875 0.68125 0.121875 0.11875
0 0.48125 0.9390625 0.05 0.05
0 0.88125 0.690625 0.05 0.046875
0 0.975 0.9734375 0.05 0.053125
0 0.934375 0.8453125 0.06875 0.10625