0 0.328125 0.296875 0.09375 0.059375
0 0.178125 0.3015625 0.1 0.071875
0 0.253125 0.28125 0.09375 0.03125
0 0.371875 0.171875 0.071875 0.071875
0 0.6984375 0.321875 0.05 0.05
0 0.51796875 0.0828125 0.0171875 0.053125
0 0.4078125 0.7765625 0.059375 0.059375
0 0.45859375 0.671875 0.1015625 0.121875
0 0.503125 0.76953125 0.0125 0.0609375
0 0.1125 0.721875 0.03125 0.05
0 0.5015625 0.45390625 0.015625 0.0703125
0 0.6328125 0.9609375 0.034375 0.0375
0 0.6234375 0.853125 0.0375 0.0375
0 0.61875 0.7765625 0.01875 0.021875
0 0.6671875 0.775 0.028125 0.028125
0 0.6359375 0.5390625 0.06875 0.06875