0 0.01015625 0.09375 0.0203125 0.028125
0 0.7265625 0.2859375 0.0390625 0.0390625
0 0.828125 0.3734375 0.0390625 0.040625
0 0.93125 0.13125 0.0625 0.0625
0 0.86875 0.4375 0.046875 0.04375
0 0.70625 0.2609375 0.034375 0.0328125
0 0.1359375 0.65625 0.1375 0.1375
0 0.015625 0.7234375 0.03125 0.05625
0 0.059375 0.7546875 0.0625 0.0625
0 0.06875 0.6984375 0.05625 0.05625
0 0.0734375 0.5609375 0.0765625 0.0765625
0 0.20546875 0.95 0.0828125 0.1
0 0.2171875 0.7890625 0.0375 0.015625
0 0.9640625 0.5015625 0.0546875 0.05625