0 0.3890625 0.153125 0.0875 0.0875
0 0.125 0.41484375 0.25 0.2078125
0 0.36875 0.253125 0.0609375 0.0609375
0 0.50625 0.140625 0.1125 0.1234375
0 0.028125 0.434375 0.05625 0.0734375
0 0.5453125 0.059375 0.109375 0.1140625
0 0.546875 0.8 0.0828125 0.0828125
0 0.6953125 0.896875 0.075 0.075
0 0.7171875 0.703125 0.0375 0.0375
0 0.8765625 0.8421875 0.0390625 0.0390625
0 0.871875 0.659375 0.034375 0.034375
0 0.7140625 0.6375 0.034375 0.034375
0 0.7421875 0.590625 0.0296875 0.03125
0 0.6203125 0.6890625 0.03125 0.0328125