0 0.2828125 0.090625 0.046875 0.046875
0 0.2703125 0.315625 0.090625 0.10625
0 0.025 0.58125 0.05 0.071875
0 0.00625 0.9546875 0.0125 0.059375
0 0.2796875 0.796875 0.1625 0.1625
0 0.3921875 0.846875 0.01875 0.0671875
0 0.0984375 0.971875 0.0515625 0.0515625
0 0.0859375 0.896875 0.0390625 0.0359375
0 0.65234375 0.63125 0.0140625 0.09375
0 0.49375 0.7828125 0.109375 0.109375
0 0.63125 0.78046875 0.05625 0.0640625
0 0.709375 0.38671875 0.09375 0.0359375
0 0.9625 0.44375 0.075 0.0875
0 0.94921875 0.97421875 0.0984375 0.0515625