0 0.43046875 0.140625 0.1765625 0.28125
0 0.3109375 0.2984375 0.06875 0.06875
0 0.0703125 0.6046875 0.046875 0.046875
0 0.2515625 0.5546875 0.071875 0.0625
0 0.4234375 0.3203125 0.05625 0.05625
0 0.746875 0.1609375 0.071875 0.071875
0 0.5296875 0.4953125 0.021875 0.034375
0 0.9859375 0.46875 0.028125 0.128125
0 0.765625 0.4859375 0.059375 0.059375
0 0.665625 0.55625 0.05625 0.05625
0 0.91875 0.3609375 0.053125 0.053125
0 0.98125 0.4921875 0.0375 0.0625
0 0.6734375 0.3578125 0.078125 0.046875
0 0.4875 0.8015625 0.03125 0.028125
0 0.953125 0.815625 0.05 0.05