0 0.3953125 0.1453125 0.034375 0.0359375
0 0.38125 0.41875 0.11875 0.0515625
0 0.634375 0.134375 0.021875 0.025
0 0.325 0.125 0.0390625 0.0296875
0 0.1578125 0.221875 0.090625 0.046875
0 0.2203125 0.109375 0.0671875 0.03125
0 0.471875 0.446875 0.0578125 0.0453125
0 0.0484375 0.1875 0.0328125 0.028125
0 0.315625 0.1953125 0.040625 0.028125
0 0.028125 0.24375 0.05625 0.0640625
0 0.253125 0.29375 0.0890625 0.0375
0 0.2015625 0.3625 0.05625 0.0390625
0 0.1203125 0.10625 0.0453125 0.021875
0 0.2234375 0.2078125 0.05 0.0578125
0 0.3125 0.315625 0.0578125 0.0375