0 0.175 0.24375 0.05625 0.05625
0 0.1828125 0.7375 0.165625 0.165625
0 0.2640625 0.8296875 0.084375 0.084375
0 0.45625 0.5921875 0.225 0.109375
0 0.0078125 0.7078125 0.015625 0.04375
0 0.2015625 0.55625 0.184375 0.284375
0 0.56015625 0.73984375 0.0171875 0.0734375
0 0.946875 0.621875 0.06875 0.078125
0 0.58984375 0.3765625 0.0421875 0.034375
0 0.9734375 0.9609375 0.0375 0.0546875
0 0.74140625 0.3765625 0.0421875 0.034375
0 0.6421875 0.48125 0.0390625 0.0359375
0 0.99453125 0.70546875 0.0109375 0.0453125