0 0.14375 0.03125 0.103125 0.0625
0 0.05625 0.2015625 0.0625 0.059375
0 0.134375 0.371875 0.06875 0.084375
0 0.8796875 0.3359375 0.059375 0.065625
0 0.8140625 0.1 0.03125 0.03125
0 0.8046875 0.03125 0.040625 0.04375
0 0.8921875 0.128125 0.028125 0.03125
0 0.7703125 0.303125 0.025 0.025
0 0.4296875 0.7359375 0.06875 0.06875
0 0.521875 0.8078125 0.053125 0.053125
0 0.0203125 0.728125 0.0375 0.0375
0 0.5671875 0.9609375 0.071875 0.071875
0 0.7171875 0.53203125 0.11875 0.0265625
0 0.68125 0.8265625 0.0625 0.059375