0 0.009375 0.4453125 0.01875 0.0875
0 0.34375 0.05625 0.0609375 0.0609375
0 0.015625 0.015625 0.03125 0.0296875
0 0.0765625 0.2125 0.0390625 0.0390625
0 0.428125 0.1296875 0.0609375 0.075
0 0.3671875 0.1125 0.0734375 0.075
0 0.378125 0.79375 0.05 0.05
0 0.165625 0.984375 0.03125 0.03125
0 0.21875 0.984375 0.0390625 0.03125
0 0.9484375 0.8421875 0.103125 0.16875
0 0.48046875 0.98671875 0.0453125 0.0265625
0 0.659375 0.9125 0.053125 0.053125
0 0.896875 0.7625 0.065625 0.0625
0 0.6984375 0.796875 0.0484375 0.0484375