0 0.4625 0.009375 0.075 0.01875
0 0.49375 0.3578125 0.05625 0.05625
0 0.196875 0.2 0.153125 0.153125
0 0.084375 0.25 0.01875 0.06875
0 0.378125 0.375 0.053125 0.053125
0 0.390625 0.3 0.040625 0.0375
0 0.01875 0.1859375 0.0375 0.109375
0 0.665625 0.2265625 0.046875 0.046875
0 0.6046875 0.38125 0.071875 0.05625
0 0.7109375 0.3296875 0.05625 0.05625
0 0.50234375 0.6890625 0.0734375 0.09375
0 0.44609375 0.92421875 0.1859375 0.1515625
0 0.2125 0.95546875 0.203125 0.0890625
0 0.77734375 0.9515625 0.1671875 0.096875
0 0.8859375 0.8671875 0.121875 0.125
0 0.97734375 0.7234375 0.0453125 0.05625
0 0.9484375 0.796875 0.08125 0.0875
0 0.55234375 0.4875 0.0265625 0.065625