0 0.1359375 0.203125 0.0875 0.0875
0 0.01875 0.090625 0.0375 0.1078125
0 0.3625 0.421875 0.046875 0.0328125
0 0.103125 0.103125 0.078125 0.08125
0 0.071875 0.04375 0.0734375 0.065625
0 0.05625 0.1328125 0.0484375 0.05
0 0.665625 0.409375 0.0640625 0.0609375
0 0.234375 0.665625 0.03125 0.03125
0 0.425 0.65 0.034375 0.034375
0 0.4125 0.590625 0.071875 0.0734375
0 0.78125 0.484375 0.04375 0.04375
0 0.71875 0.4828125 0.046875 0.046875
0 0.93125 0.50625 0.04375 0.04375
0 0.878125 0.565625 0.0890625 0.0703125