0 0.378125 0.3046875 0.065625 0.065625
0 0.1375 0.5453125 0.0375 0.0375
0 0.196875 0.54453125 0.078125 0.0484375
0 0.303125 0.1890625 0.04375 0.04375
0 0.3046875 0.2515625 0.046875 0.046875
0 0.28125 0.0390625 0.046875 0.046875
0 0.221875 0.0921875 0.08125 0.08125
0 0.534375 0.55703125 0.05625 0.0234375
0 0.8515625 0.5484375 0.053125 0.028125
0 0.6625 0.134375 0.0375 0.034375
0 0.97734375 0.1984375 0.0453125 0.05
0 0.2921875 0.965625 0.084375 0.06875
0 0.0671875 0.91875 0.053125 0.05625
0 0.1375 0.784375 0.040625 0.040625
0 0.215625 0.846875 0.05 0.05
0 0.090625 0.590625 0.1 0.04375