0 0.071875 0.171875 0.04375 0.075
0 0.153125 0.3453125 0.059375 0.06875
0 0.0734375 0.0109375 0.05 0.021875
0 0.2328125 0.209375 0.046875 0.109375
0 0.0875 0.0765625 0.065625 0.065625
0 0.6125 0.290625 0.0625 0.065625
0 0.43125 0.5859375 0.06875 0.065625
0 0.11875 0.909375 0.0375 0.0375
0 0.2234375 0.8828125 0.096875 0.096875
0 0.240625 0.8234375 0.071875 0.1375
0 0.190625 0.815625 0.0625 0.065625
0 0.053125 0.715625 0.05625 0.05625
0 0.2484375 0.41640625 0.04375 0.0734375
0 0.86875 0.440625 0.071875 0.075
0 0.840625 0.48125 0.071875 0.071875