0 0.121875 0.209375 0.046875 0.078125
0 0.040625 0.034375 0.059375 0.06875
0 0.11953125 0.371875 0.0484375 0.034375
0 0.10625 0.3046875 0.053125 0.075
0 0.79375 0.01640625 0.034375 0.0328125
0 0.6375 0.3796875 0.065625 0.01875
0 0.8640625 0.04375 0.04375 0.04375
0 0.49765625 0.0421875 0.0359375 0.078125
0 0.5234375 0.1921875 0.0359375 0.03125
0 0.2734375 0.5171875 0.08125 0.0375
0 0.4578125 0.515625 0.040625 0.03125
0 0.05625 0.6796875 0.034375 0.0375
0 0.2125 0.753125 0.028125 0.028125
0 0.3890625 0.6828125 0.04375 0.04375
0 0.1390625 0.5171875 0.025 0.025
0 0.921875 0.7140625 0.071875 0.071875