0 0.4703125 0.2390625 0.059375 0.059375
0 0.9421875 0.540625 0.06875 0.01875
0 0.95 0.103125 0.09375 0.09375
0 0.9703125 0.103125 0.059375 0.0625
0 0.046875 0.9 0.0921875 0.10625
0 0.19375 0.9390625 0.0796875 0.0796875
0 0.3625 0.98125 0.0578125 0.0375
0 0.23125 0.790625 0.0390625 0.046875
0 0.4015625 0.803125 0.065625 0.1078125
0 0.4 0.81875 0.053125 0.05625
0 0.4171875 0.678125 0.034375 0.028125
0 0.009375 0.775 0.01875 0.04375
0 0.421875 0.6125 0.0375 0.0484375
0 0.696875 0.940625 0.0625 0.0640625
0 0.940625 0.796875 0.103125 0.0921875