0 0.425 0.2546875 0.228125 0.38125
0 0.4984375 0.4765625 0.08125 0.1
0 0.4890625 0.5671875 0.075 0.025
0 0.02890625 0.2796875 0.0578125 0.0875
0 0.6609375 0.2140625 0.08125 0.08125
0 0.3703125 0.75 0.0625 0.0625
0 0.1359375 0.74375 0.034375 0.03125
0 0.11875 0.6875 0.028125 0.0328125
0 0.3578125 0.7421875 0.0546875 0.03125
0 0.6984375 0.6578125 0.034375 0.046875
0 0.559375 0.8671875 0.040625 0.053125
0 0.54765625 0.9625 0.0171875 0.03125
0 0.7734375 0.9765625 0.028125 0.0328125
0 0.6984375 0.7734375 0.0234375 0.0265625