0 0.1453125 0.16875 0.06875 0.06875
0 0.4625 0.134375 0.053125 0.06875
0 0.371875 0.290625 0.090625 0.090625
0 0.4046875 0.240625 0.071875 0.071875
0 0.3328125 0.246875 0.06875 0.06875
0 0.209375 0.3375 0.040625 0.075
0 0.97734375 0.36796875 0.0453125 0.0421875
0 0.6578125 0.1578125 0.05625 0.0375
0 0.5484375 0.0984375 0.03125 0.040625
0 0.9421875 0.296875 0.04375 0.04375
0 0.1984375 0.80625 0.084375 0.084375
0 0.346875 0.903125 0.0796875 0.08125
0 0.36875 0.709375 0.040625 0.0375
0 0.365625 0.64375 0.034375 0.034375
0 0.39375 0.596875 0.0296875 0.03125
0 0.271875 0.6953125 0.03125 0.0328125
0 0.51875 0.7046875 0.059375 0.0625
0 0.6984375 0.4859375 0.08125 0.08125
0 0.95859375 0.9046875 0.0828125 0.14375