0 0.315625 0.1046875 0.053125 0.053125
0 0.1140625 0.1046875 0.03125 0.0375
0 0.4015625 0.290625 0.046875 0.05
0 0.2671875 0.2828125 0.040625 0.040625
0 0.05 0.3515625 0.075 0.075
0 0.1265625 0.2484375 0.04375 0.06875
0 0.8015625 0.21875 0.03125 0.028125
0 0.846875 0.2703125 0.065625 0.065625
0 0.9453125 0.1015625 0.046875 0.046875
0 0.303125 0.9046875 0.046875 0.046875
0 0.2359375 0.9203125 0.0375 0.0375
0 0.65625 0.9890625 0.040625 0.021875
0 0.725 0.9875 0.028125 0.025
0 0.8921875 0.975 0.090625 0.05