0 0.0828125 0.1078125 0.065625 0.0375
0 0.0828125 0.309375 0.0375 0.0375
0 0.26875 0.021875 0.05 0.04375
0 0.2609375 0.15625 0.046875 0.034375
0 0.3296875 0.3734375 0.075 0.075
0 0.2265625 0.296875 0.053125 0.053125
0 0.6171875 0.45234375 0.04375 0.0328125
0 0.8078125 0.2203125 0.0625 0.059375
0 0.875 0.3 0.071875 0.071875
0 0.7953125 0.3390625 0.0578125 0.05625
0 0.5328125 0.7375 0.034375 0.05625
0 0.2546875 0.984375 0.10625 0.03125
0 0.075 0.9578125 0.13125 0.084375
0 0.1921875 0.9375 0.0671875 0.084375
0 0.1421875 0.903125 0.0734375 0.0296875
0 0.15703125 0.97578125 0.0546875 0.0484375
0 0.94921875 0.5609375 0.1015625 0.16875
0 0.6546875 0.5328125 0.075 0.071875
0 0.7859375 0.590625 0.053125 0.053125
0 0.94140625 0.7421875 0.1171875 0.2375