0 0.3546875 0.0765625 0.06875 0.06875
0 0.040625 0.1140625 0.04375 0.046875
0 0.6359375 0.0421875 0.1375 0.084375
0 0.9734375 0.02265625 0.053125 0.0453125
0 0.8453125 0.0140625 0.075 0.028125
0 0.9609375 0.040625 0.078125 0.075
0 0.8125 0.3453125 0.0796875 0.0796875
0 0.43125 0.3375 0.0375 0.0390625
0 0.97578125 0.49140625 0.0390625 0.0359375
0 0.7734375 0.4296875 0.0703125 0.0765625
0 0.1953125 0.52109375 0.034375 0.0234375
0 0.0359375 0.6703125 0.06875 0.065625
0 0.3046875 0.71875 0.0375 0.0375
0 0.7234375 0.540625 0.05 0.05
0 0.69375 0.74375 0.021875 0.01875