0 0.1109375 0.078125 0.059375 0.059375
0 0.0328125 0.4875 0.065625 0.125
0 0.01484375 0.303125 0.0296875 0.159375
0 0.03046875 0.690625 0.0609375 0.0375
0 0.02890625 0.6515625 0.0578125 0.115625
0 0.0140625 0.221875 0.028125 0.065625
0 0.753125 0.0375 0.0375 0.0375
0 0.603125 0.128125 0.053125 0.053125
0 0.81875 0.5734375 0.09375 0.096875
0 0.703125 0.68046875 0.059375 0.0578125
0 0.309375 0.72578125 0.071875 0.0328125
0 0.42578125 0.9734375 0.0484375 0.053125
0 0.715625 0.778125 0.04375 0.04375
0 0.8140625 0.9765625 0.071875 0.046875