0 0.35 0.0640625 0.0203125 0.040625
0 0.165625 0.034375 0.0671875 0.0671875
0 0.484375 0.0171875 0.071875 0.034375
0 0.40625 0.0609375 0.0484375 0.0484375
0 0.409375 0.2 0.075 0.075
0 0.471875 0.34375 0.040625 0.0359375
0 0.365625 0.24375 0.0140625 0.0453125
0 0.065625 0.56875 0.13125 0.159375
0 0.0234375 0.80625 0.046875 0.1234375
0 0.0328125 0.7328125 0.065625 0.121875
0 0.459375 0.865625 0.2015625 0.26875
0 0.853125 0.8078125 0.071875 0.071875
0 0.909375 0.684375 0.053125 0.053125
0 0.809375 0.86875 0.0515625 0.0765625
0 0.48125 0.58125 0.1203125 0.184375