0 0.171875 0.396875 0.053125 0.05625
0 0.25 0.190625 0.065625 0.065625
0 0.246875 0.05625 0.05 0.046875
0 0.59375 0.5234375 0.109375 0.13125
0 0.7296875 0.16875 0.046875 0.075
0 0.6484375 0.34375 0.059375 0.071875
0 0.728125 0.01015625 0.053125 0.0203125
0 0.56875 0.20625 0.04375 0.10625
0 0.51875 0.475 0.05 0.09375
0 0.7140625 0.0734375 0.0546875 0.075
0 0.3734375 0.759375 0.065625 0.06875
0 0.209375 0.7609375 0.065625 0.0625
0 0.340625 0.7609375 0.028125 0.028125
0 0.7203125 0.9078125 0.059375 0.053125
0 0.91484375 0.62265625 0.1046875 0.0671875