0 0.221875 0.16171875 0.184375 0.1546875
0 0.1109375 0.15546875 0.178125 0.1671875
0 0.3671875 0.23046875 0.05 0.0171875
0 0.140625 0.7125 0.05625 0.05625
0 0.3640625 0.915625 0.059375 0.059375
0 0.425 0.915625 0.05 0.06875
0 0.2921875 0.24453125 0.05625 0.0109375
0 0.5703125 0.74375 0.1 0.1
0 0.5984375 0.65 0.165625 0.165625
0 0.5375 0.5875 0.0875 0.0875
0 0.878125 0.96875 0.11875 0.0625
0 0.95 0.85859375 0.1 0.2828125
0 0.978125 0.7 0.04375 0.059375
0 0.47734375 0.409375 0.0546875 0.096875
0 0.4671875 0.5328125 0.034375 0.08125
0 0.4875 0.48125 0.0453125 0.0453125
0 0.765625 0.346875 0.0828125 0.0796875