0 0.0796875 0.0421875 0.046875 0.05
0 0.0515625 0.3859375 0.103125 0.10625
0 0.03125 0.5109375 0.04375 0.040625
0 0.259375 0.2890625 0.028125 0.028125
0 0.409375 0.0890625 0.084375 0.08125
0 0.6421875 0.040625 0.0625 0.0625
0 0.5640625 0.4609375 0.084375 0.084375
0 0.8984375 0.3703125 0.05625 0.05625
0 0.2609375 0.6046875 0.059375 0.059375
0 0.1734375 0.7171875 0.05625 0.06875
0 0.4578125 0.9796875 0.109375 0.040625
0 0.6765625 0.5859375 0.05 0.034375
0 0.58125 0.69375 0.04375 0.028125
0 0.9671875 0.690625 0.040625 0.040625
0 0.98203125 0.8109375 0.0359375 0.05625