0 0.33125 0.98046875 0.046875 0.0390625
0 0.2515625 0.809375 0.0375 0.0375
0 0.2234375 0.7171875 0.040625 0.040625
0 0.1453125 0.890625 0.034375 0.034375
0 0.1015625 0.9859375 0.059375 0.028125
0 0.0125 0.39375 0.025 0.0625
0 0.7921875 0.96484375 0.078125 0.0703125
0 0.875 0.2625 0.053125 0.05
0 0.846875 0.3203125 0.05 0.05
0 0.478125 0.70625 0.05625 0.121875
0 0.65 0.8796875 0.1625 0.1625
0 0.565625 0.8484375 0.05625 0.05625
0 0.7109375 0.55 0.1125 0.11875
0 0.6921875 0.4375 0.0640625 0.0640625