0 0.56484375 0.4375 0.0296875 0.125
0 0.125 0.0390625 0.175 0.078125
0 0.94375 0.33125 0.0375 0.0375
0 0.8875 0.371875 0.034375 0.053125
0 0.259375 0.6640625 0.065625 0.065625
0 0.1921875 0.740625 0.046875 0.046875
0 0.3875 0.5515625 0.0515625 0.0484375
0 0.4859375 0.5703125 0.0640625 0.0640625
0 0.56875 0.5671875 0.021875 0.04375
0 0.08125 0.5890625 0.0671875 0.0453125
0 0.00625 0.56953125 0.0125 0.0484375
0 0.9453125 0.8265625 0.04375 0.046875
0 0.6015625 0.98125 0.04375 0.034375
0 0.6515625 0.7609375 0.08125 0.08125
0 0.778125 0.8484375 0.01875 0.0890625