0 0.20625 0.0953125 0.05 0.053125
0 0.065625 0.321875 0.040625 0.040625
0 0.171875 0.5046875 0.034375 0.03125
0 0.3953125 0.29375 0.034375 0.03125
0 0.4359375 0.190625 0.09375 0.08125
0 0.484375 0.165625 0.109375 0.115625
0 0.496875 0.234375 0.071875 0.06875
0 0.871875 0.4984375 0.184375 0.140625
0 0.94765625 0.375 0.1046875 0.1625
0 0.578125 0.2578125 0.03125 0.03125
0 0.9828125 0.2953125 0.034375 0.1
0 0.159375 0.965625 0.04375 0.04375
0 0.034375 0.978125 0.05625 0.04375
0 0.1015625 0.8171875 0.040625 0.0375
0 0.0078125 0.75390625 0.015625 0.0390625
0 0.065625 0.946875 0.0375 0.0375