0 0.146875 0.528125 0.071875 0.065625
0 0.03671875 0.0984375 0.0734375 0.075
0 0.1265625 0.02421875 0.065625 0.0484375
0 0.8296875 0.384375 0.05 0.05
0 0.83125 0.284375 0.046875 0.08125
0 0.8265625 0.140625 0.05 0.04375
0 0.9765625 0.3828125 0.04375 0.04375
0 0.49296875 0.346875 0.0265625 0.0375
0 0.2375 0.7671875 0.04375 0.040625
0 0.028125 0.640625 0.046875 0.021875
0 0.121875 0.7671875 0.025 0.021875
0 0.8859375 0.796875 0.053125 0.053125
0 0.6796875 0.71875 0.065625 0.065625
0 0.5453125 0.721875 0.046875 0.046875