0 0.78125 0.2390625 0.071875 0.075
0 0.484375 0.2296875 0.0390625 0.0390625
0 0.3828125 0.3171875 0.0390625 0.040625
0 0.3421875 0.3828125 0.046875 0.046875
0 0.5046875 0.2046875 0.034375 0.0328125
0 0.06328125 0.825 0.1265625 0.16875
0 0.1359375 0.74375 0.065625 0.103125
0 0.98828125 0.49453125 0.0234375 0.0515625
0 0.9390625 0.7296875 0.121875 0.13125
0 0.6375 0.5734375 0.04375 0.0421875
0 0.41875 0.6828125 0.0296875 0.0703125
0 0.940625 0.9375 0.0640625 0.065625
0 0.31640625 0.52578125 0.0140625 0.0203125