0 0.465625 0.0484375 0.075 0.0875
0 0.521875 0.61875 0.04375 0.04375
0 0.509375 0.4359375 0.0125 0.0375
0 0.565625 0.2765625 0.03125 0.03125
0 0.58515625 0.1296875 0.0078125 0.028125
0 0.5296875 0.2421875 0.0375 0.0375
0 0.6328125 0.5703125 0.078125 0.084375
0 0.8578125 0.5140625 0.05625 0.05625
0 0.7875 0.3796875 0.0375 0.0375
0 0.709375 0.4421875 0.046875 0.046875
0 0.834375 0.159375 0.096875 0.09375
0 0.4453125 0.9828125 0.059375 0.034375
0 0.45 0.890625 0.059375 0.059375
0 0.7078125 0.9203125 0.1125 0.125
0 0.91875 0.95 0.053125 0.053125
0 0.6796875 0.71640625 0.06875 0.0953125
0 0.7546875 0.725 0.0625 0.078125