0 0.925 0.521875 0.0875 0.0765625
0 0.3546875 0.578125 0.05 0.0359375
0 0.09375 0.65625 0.040625 0.0390625
0 0.26875 0.709375 0.04375 0.04375
0 0.265625 0.8828125 0.0546875 0.0625
0 0.3140625 0.796875 0.0421875 0.040625
0 0.09375 0.715625 0.0359375 0.0390625
0 0.10625 0.93125 0.0296875 0.0328125
0 0.5375 0.565625 0.0375 0.0109375
0 0.70625 0.81875 0.028125 0.0265625
0 0.696875 0.621875 0.034375 0.03125
0 0.84375 0.653125 0.0296875 0.028125
0 0.73125 0.5859375 0.034375 0.034375
0 0.596875 0.871875 0.0359375 0.03125