0 0.55390625 0.328125 0.0296875 0.103125
0 0.0890625 0.390625 0.0625 0.0375
0 0.09375 0.309375 0.075 0.075
0 0.515625 0.03203125 0.1 0.0640625
0 0.428125 0.0375 0.059375 0.075
0 0.375 0.08125 0.078125 0.078125
0 0.74375 0.371875 0.0625 0.065625
0 0.609375 0.375 0.05 0.05
0 0.134375 0.5390625 0.040625 0.0421875
0 0.1359375 0.4421875 0.028125 0.034375
0 0.046875 0.6140625 0.028125 0.028125
0 0.128125 0.7171875 0.034375 0.0359375
0 0.1328125 0.4921875 0.034375 0.040625
0 0.86015625 0.4203125 0.0453125 0.021875
0 0.94375 0.4328125 0.05 0.046875
0 0.89375 0.896875 0.046875 0.034375