0 0.09375 0.253125 0.1875 0.23125
0 0.025 0.10625 0.05 0.06875
0 0.178125 0.37734375 0.103125 0.0453125
0 0.859375 0.215625 0.06875 0.078125
0 0.5234375 0.38046875 0.06875 0.0390625
0 0.7609375 0.05703125 0.071875 0.1140625
0 0.7625 0.175 0.0625 0.0625
0 0.7046875 0.1390625 0.05 0.065625
0 0.7953125 0.13125 0.046875 0.04375
0 0.078125 0.7984375 0.1 0.0625
0 0.175 0.6796875 0.1125 0.1125
0 0.084375 0.721875 0.0375 0.0375
0 0.234375 0.8734375 0.03125 0.06875
0 0.5078125 0.6109375 0.0375 0.0625
0 0.5625 0.5484375 0.1125 0.1125
0 0.6734375 0.4546875 0.06875 0.06875
0 0.5671875 0.7703125 0.046875 0.046875
0 0.53359375 0.81171875 0.0890625 0.0984375
0 0.89140625 0.96953125 0.0921875 0.0609375