0 0.046875 0.6390625 0.090625 0.059375
0 0.0109375 0.5765625 0.021875 0.046875
0 0.1671875 0.64375 0.0625 0.0484375
0 0.475 0.6078125 0.1046875 0.1046875
0 0.9015625 0.25 0.0625 0.078125
0 0.91875 0.4015625 0.0578125 0.0640625
0 0.875 0.046875 0.065625 0.065625
0 0.9859375 0.09375 0.028125 0.0578125
0 0.0234375 0.9625 0.046875 0.0734375
0 0.571875 0.884375 0.05625 0.08125
0 0.21875 0.86875 0.046875 0.040625
0 0.084375 0.9796875 0.0515625 0.040625
0 0.7578125 0.775 0.0953125 0.071875
0 0.934375 0.8265625 0.05 0.05
0 0.6296875 0.98125 0.0375 0.0375
0 0.81875 0.965625 0.06875 0.0453125
0 0.628125 0.734375 0.028125 0.0296875