0 0.1734375 0.0484375 0.046875 0.046875
0 0.2296875 0.3875 0.028125 0.03125
0 0.340625 0.375 0.071875 0.06875
0 0.3921875 0.41875 0.1 0.1
0 0.3296875 0.4484375 0.053125 0.05625
0 0.51015625 0.009375 0.0421875 0.01875
0 0.825 0.01328125 0.05 0.0265625
0 0.6359375 0.4265625 0.040625 0.03125
0 0.953125 0.3625 0.05 0.05
0 0.2765625 0.7703125 0.09375 0.09375
0 0.3640625 0.7484375 0.05 0.05
0 0.2171875 0.7140625 0.071875 0.134375
0 0.090625 0.7046875 0.075 0.075
0 0.6734375 0.721875 0.10625 0.165625
0 0.7953125 0.9546875 0.096875 0.090625
0 0.7015625 0.953125 0.15625 0.09375
0 0.6546875 0.6046875 0.0625 0.084375
0 0.8875 0.55546875 0.05625 0.0328125
0 0.76953125 0.55859375 0.0828125 0.0390625
0 0.7578125 0.625 0.1 0.1
0 0.6390625 0.925 0.0875 0.090625
0 0.49921875 0.84375 0.0203125 0.096875
0 0.584375 0.7984375 0.08125 0.146875
0 0.57578125 0.5484375 0.0546875 0.01875
0 0.5328125 0.875 0.0453125 0.0453125