0 0.40625 0.6578125 0.04375 0.028125
0 0.046875 0.453125 0.0453125 0.03125
0 0.965625 0.4046875 0.034375 0.11875
0 0.9375 0.146875 0.0296875 0.0390625
0 0.9703125 0.684375 0.0296875 0.0375
0 0.2984375 0.6484375 0.03125 0.0328125
0 0.221875 0.64375 0.0234375 0.01875
0 0.2203125 0.6921875 0.0296875 0.0265625
0 0.2234375 0.3375 0.0296875 0.0359375
0 0.3078125 0.40625 0.0328125 0.0328125
0 0.9671875 0.30625 0.0359375 0.0421875
0 0.8265625 0.409375 0.0390625 0.0296875
0 0.3765625 0.2390625 0.0328125 0.046875