0 0.0671875 0.3734375 0.028125 0.04375
0 0.0765625 0.4765625 0.03125 0.025
0 0.31875 0.471875 0.034375 0.03125
0 0.4859375 0.403125 0.040625 0.040625
0 0.696875 0.0640625 0.06875 0.06875
0 0.653125 0.2765625 0.040625 0.040625
0 0.40625 0.840625 0.05625 0.05625
0 0.0828125 0.7765625 0.0625 0.059375
0 0.66875 0.853125 0.034375 0.05625
0 0.8109375 0.71875 0.025 0.025
0 0.6046875 0.675 0.025 0.025
0 0.753125 0.56875 0.021875 0.021875
0 0.865625 0.68125 0.021875 0.021875
0 0.8859375 0.63125 0.021875 0.021875
0 0.8078125 0.975 0.025 0.025
0 0.88125 0.7875 0.021875 0.021875