0 0.153125 0.6984375 0.04375 0.0328125
0 0.896875 0.75 0.034375 0.0953125
0 0.9671875 0.3453125 0.0609375 0.0546875
0 0.934375 0.509375 0.034375 0.040625
0 0.5609375 0.3375 0.0359375 0.0921875
0 0.5453125 0.5421875 0.0328125 0.0953125
0 0.1859375 0.76875 0.040625 0.046875
0 0.184375 0.38125 0.0546875 0.0921875
0 0.184375 0.3328125 0.0359375 0.028125
0 0.9375 0.2265625 0.034375 0.04375
0 0.5625 0.3953125 0.0234375 0.021875
0 0.334375 0.428125 0.03125 0.0359375
0 0.3484375 0.184375 0.0296875 0.03125