0 0.0671875 0.140625 0.05 0.05
0 0.321875 0.153125 0.040625 0.04375
0 0.571875 0.00859375 0.04375 0.0171875
0 0.5328125 0.528125 0.065625 0.103125
0 0.99375 0.190625 0.0125 0.05625
0 0.8453125 0.4703125 0.13125 0.13125
0 0.1109375 0.890625 0.04375 0.0546875
0 0.3375 0.75 0.0390625 0.0390625
0 0.7515625 0.6375 0.025 0.025
0 0.9578125 0.68125 0.025 0.028125
0 0.5046875 0.8671875 0.009375 0.01875
0 0.809375 0.7875 0.0234375 0.021875
0 0.696875 0.675 0.021875 0.0234375
0 0.6765625 0.725 0.0234375 0.0203125