0 0.5296875 0.228125 0.084375 0.084375
0 0.5515625 0.0671875 0.0328125 0.034375
0 0.5765625 0.1296875 0.053125 0.053125
0 0.5875 0.1203125 0.0453125 0.0328125
0 0.3671875 0.671875 0.0671875 0.0625
0 0.3796875 0.9484375 0.0484375 0.0484375
0 0.421875 0.96484375 0.015625 0.0421875
0 0.4609375 0.66875 0.0625 0.2125
0 0.57109375 0.3890625 0.0546875 0.01875
0 0.6375 0.603125 0.0328125 0.0328125
0 0.646875 0.671875 0.0296875 0.05
0 0.559375 0.575 0.0296875 0.028125
0 0.68125 0.4 0.025 0.0234375
0 0.9140625 0.696875 0.03125 0.028125