0 0.21875 0.41875 0.0125 0.0375
0 0.2578125 0.4578125 0.04375 0.021875
0 0.1234375 0.0484375 0.046875 0.046875
0 0.57109375 0.290625 0.0640625 0.125
0 0.6125 0.096875 0.03125 0.06875
0 0.9265625 0.02265625 0.075 0.0453125
0 0.046875 0.98828125 0.05625 0.0234375
0 0.3703125 0.7609375 0.0625 0.0625
0 0.5578125 0.809375 0.0375 0.065625
0 0.6109375 0.8859375 0.05 0.05
0 0.721875 0.734375 0.0671875 0.0453125
0 0.70234375 0.49140625 0.0296875 0.0453125
0 0.8140625 0.715625 0.0484375 0.0484375
0 0.8875 0.6 0.0453125 0.046875