0 0.53046875 0.2578125 0.0171875 0.084375
0 0.1390625 0.3140625 0.1 0.1
0 0.4234375 0.4796875 0.04375 0.015625
0 0.884375 0.1328125 0.078125 0.078125
0 0.8921875 0.3109375 0.059375 0.059375
0 0.196875 0.971875 0.071875 0.05625
0 0.9328125 0.8375 0.0875 0.0875
0 0.784375 0.934375 0.078125 0.078125
0 0.7625 0.740625 0.0375 0.0375
0 0.603125 0.8796875 0.04375 0.04375
0 0.6078125 0.696875 0.034375 0.034375
0 0.765625 0.675 0.034375 0.034375
0 0.7375 0.628125 0.0296875 0.03125
0 0.859375 0.7265625 0.03125 0.0328125