0 0.515625 0.44765625 0.10625 0.0828125
0 0.4125 0.0703125 0.078125 0.06875
0 0.15 0.3953125 0.06875 0.071875
0 0.4296875 0.36875 0.059375 0.059375
0 0.1515625 0.1484375 0.0625 0.05
0 0.1703125 0.3109375 0.05 0.05
0 0.45703125 0.11875 0.2234375 0.228125
0 0.2015625 0.0640625 0.025 0.025
0 0.009375 0.0703125 0.01875 0.059375
0 0.046875 0.4046875 0.053125 0.053125
0 0.3578125 0.18125 0.10625 0.10625
0 0.55703125 0.6046875 0.0234375 0.065625
0 0.34375 0.78125 0.034375 0.028125
0 0.809375 0.8953125 0.040625 0.078125
0 0.596875 0.5671875 0.053125 0.05625