0 0.0046875 0.028125 0.009375 0.03125
0 0.146875 0.0921875 0.0625 0.065625
0 0.484375 0.225 0.075 0.075
0 0.6984375 0.20625 0.071875 0.071875
0 0.58828125 0.14375 0.0578125 0.05625
0 0.56484375 0.34921875 0.0109375 0.0453125
0 0.453125 0.6796875 0.125 0.125
0 0.42265625 0.984375 0.0671875 0.03125
0 0.15625 0.565625 0.046875 0.071875
0 0.39375 0.8265625 0.0875 0.0875
0 0.2875 0.8859375 0.071875 0.071875
0 0.3546875 0.98125 0.078125 0.0375
0 0.2390625 0.8484375 0.2125 0.240625
0 0.484375 0.8359375 0.078125 0.0765625
0 0.17421875 0.54765625 0.0796875 0.0359375
0 0.125 0.5765625 0.0171875 0.05
0 0.04296875 0.553125 0.0640625 0.046875
0 0.071875 0.6890625 0.05 0.05