0 0.1890625 0.3125 0.065625 0.065625
0 0.4140625 0.63984375 0.053125 0.0390625
0 0.3453125 0.20625 0.01875 0.034375
0 0.4859375 0.425 0.05625 0.05625
0 0.509375 0.5265625 0.01875 0.05
0 0.50234375 0.15625 0.0328125 0.0625
0 0.3 0.778125 0.115625 0.115625
0 0.4359375 0.809375 0.115625 0.11875
0 0.46875 0.946875 0.1 0.10625
0 0.35625 0.909375 0.153125 0.153125
0 0.196875 0.790625 0.109375 0.109375
0 0.5078125 0.8953125 0.021875 0.059375
0 0.275 0.709375 0.21875 0.1
0 0.4203125 0.7875 0.065625 0.065625
0 0.9125 0.6859375 0.053125 0.040625