0 0.29453125 0.1828125 0.0703125 0.034375
0 0.209375 0.196875 0.04375 0.04375
0 0.29375 0.334375 0.040625 0.034375
0 0.0453125 0.15625 0.05 0.025
0 0.8421875 0.1078125 0.046875 0.046875
0 0.8703125 0.0328125 0.078125 0.065625
0 0.8078125 0.1 0.053125 0.05625
0 0.4109375 0.38828125 0.0375 0.0234375
0 0.34296875 0.0703125 0.0265625 0.065625
0 0.1734375 0.9453125 0.05625 0.0625
0 0.7453125 0.4234375 0.059375 0.046875
0 0.8046875 0.5046875 0.040625 0.053125
0 0.91875 0.5140625 0.04375 0.0625
0 0.965625 0.5 0.05625 0.053125
0 0.8640625 0.5953125 0.046875 0.05
0 0.9 0.4515625 0.0375 0.04375