0 0.265625 0.3640625 0.04375 0.04375
0 0.2625 0.08125 0.04375 0.04375
0 0.259375 0.1625 0.04375 0.0625
0 0.25 0.2796875 0.034375 0.0375
0 0.2484375 0.38828125 0.053125 0.0234375
0 0.88671875 0.1359375 0.2265625 0.259375
0 0.8421875 0.259375 0.1671875 0.2015625
0 0.5921875 0.2125 0.025 0.05625
0 0.66875 0.165625 0.053125 0.053125
0 0.628125 0.38515625 0.065625 0.0296875
0 0.6421875 0.090625 0.040625 0.0390625
0 0.31875 0.7671875 0.0625 0.0625
0 0.2953125 0.5171875 0.05 0.05
0 0.4640625 0.7265625 0.0625 0.05
0 0.034375 0.759375 0.046875 0.028125
0 0.715625 0.546875 0.03125 0.03125
0 0.696875 0.971875 0.025 0.046875
0 0.61875 0.5609375 0.0421875 0.0484375