0 0.02734375 0.059375 0.0546875 0.075
0 0.61328125 0.06875 0.1328125 0.071875
0 0.2375 0.08125 0.221875 0.1625
0 0.4640625 0.0625 0.075 0.075
0 0.7484375 0.15625 0.06875 0.071875
0 0.49375 0.59375 0.071875 0.071875
0 0.05078125 0.728125 0.1015625 0.159375
0 0.296875 0.6984375 0.034375 0.0375
0 0.03046875 0.9734375 0.0609375 0.053125
0 0.66796875 0.94296875 0.0234375 0.0328125
0 0.0171875 0.5984375 0.034375 0.1
0 0.03515625 0.8828125 0.0703125 0.0875
0 0.66640625 0.865625 0.0265625 0.034375
0 0.909375 0.8953125 0.084375 0.084375
0 0.890625 0.740625 0.040625 0.090625
0 0.9671875 0.95 0.065625 0.1