0 0.2921875 0.35859375 0.0625 0.0609375
0 0.4203125 0.1234375 0.090625 0.090625
0 0.634375 0.1546875 0.04375 0.04375
0 0.7578125 0.1765625 0.028125 0.025
0 0.0078125 0.503125 0.015625 0.0625
0 0.02265625 0.8640625 0.0453125 0.071875
0 0.5125 0.9890625 0.05 0.021875
0 0.5046875 0.5515625 0.034375 0.040625
0 0.01171875 0.59375 0.0234375 0.040625
0 0.1671875 0.4984375 0.01875 0.0203125
0 0.4859375 0.9140625 0.03125 0.034375
0 0.675 0.9015625 0.25 0.196875
0 0.775 0.9390625 0.103125 0.1
0 0.5703125 0.634375 0.040625 0.05