0 0.371875 0.02265625 0.065625 0.0453125
0 0.296875 0.0765625 0.040625 0.053125
0 0.05546875 0.07421875 0.1109375 0.1484375
0 0.02265625 0.2140625 0.0453125 0.11875
0 0.496875 0.33125 0.075 0.075
0 0.040625 0.3765625 0.08125 0.109375
0 0.98984375 0.5859375 0.0203125 0.075
0 0.3890625 0.9640625 0.053125 0.053125
0 0.91640625 0.715625 0.1671875 0.153125
0 0.678125 0.709375 0.078125 0.075
0 0.8078125 0.81875 0.059375 0.059375
0 0.8 0.75 0.06875 0.06875
0 0.859375 0.76875 0.059375 0.059375
0 0.6015625 0.65625 0.075 0.034375
0 0.96953125 0.821875 0.0609375 0.090625