0 0.2640625 0.371875 0.046875 0.046875
0 0.4546875 0.3671875 0.05625 0.053125
0 0.0984375 0.3890625 0.05 0.05
0 0.365625 0.346875 0.0375 0.0375
0 0.8765625 0.6265625 0.071875 0.071875
0 0.70859375 0.5203125 0.2984375 0.31875
0 0.65625 0.2140625 0.09375 0.0921875
0 0.7171875 0.275 0.0640625 0.0640625
0 0.5796875 0.2609375 0.040625 0.0625
0 0.51875 0.8140625 0.05625 0.0375
0 0.0359375 0.825 0.071875 0.05625
0 0.04296875 0.746875 0.0859375 0.10625
0 0.56796875 0.9296875 0.0171875 0.040625
0 0.63125 0.8375 0.05 0.05
0 0.58125 0.70703125 0.04375 0.0546875
0 0.859375 0.709375 0.084375 0.059375
0 0.7796875 0.725 0.053125 0.0625