0 0.071875 0.1390625 0.034375 0.034375
0 0.3046875 0.23984375 0.1 0.0984375
0 0.3625 0.1296875 0.128125 0.115625
0 0.5359375 0.05 0.065625 0.1
0 0.01171875 0.840625 0.0234375 0.1125
0 0.103125 0.871875 0.121875 0.121875
0 0.1453125 0.9796875 0.1125 0.040625
0 0.0484375 0.94921875 0.096875 0.1015625
0 0.1953125 0.9578125 0.0625 0.0625
0 0.01953125 0.7421875 0.0390625 0.190625
0 0.0875 0.85 0.065625 0.065625
0 0.1515625 0.58125 0.0609375 0.0625
0 0.4359375 0.60625 0.2015625 0.1140625
0 0.578125 0.621875 0.01875 0.0375
0 0.8546875 0.9765625 0.046875 0.046875
0 0.9421875 0.97265625 0.065625 0.0546875