0 0.3734375 0.2234375 0.05625 0.05625
0 0.3625 0.1421875 0.05 0.0875
0 0.628125 0.22890625 0.096875 0.1015625
0 0.62265625 0.13984375 0.1671875 0.2796875
0 0.5609375 0.0875 0.04375 0.059375
0 0.81484375 0.2640625 0.0578125 0.03125
0 0.52734375 0.8859375 0.0234375 0.096875
0 0.1484375 0.746875 0.034375 0.034375
0 0.38125 0.99296875 0.065625 0.0140625
0 0.50234375 0.8875 0.0734375 0.10625
0 0.365625 0.334375 0.121875 0.109375
0 0.359375 0.615625 0.0765625 0.071875
0 0.9390625 0.490625 0.0875 0.0875