0 0.4421875 0.5578125 0.115625 0.115625
0 0.04921875 0.5859375 0.0984375 0.10625
0 0.0078125 0.534375 0.015625 0.065625
0 0.1328125 0.53125 0.078125 0.071875
0 0.1890625 0.1546875 0.065625 0.065625
0 0.0828125 0.2203125 0.078125 0.078125
0 0.1265625 0.2265625 0.065625 0.065625
0 0.9859375 0.66484375 0.028125 0.0296875
0 0.97734375 0.284375 0.0453125 0.046875
0 0.98515625 0.2125 0.0296875 0.0375
0 0.2109375 0.9484375 0.015625 0.05625
0 0.2359375 0.921875 0.096875 0.096875
0 0.05390625 0.93984375 0.1078125 0.1203125
0 0.6671875 0.8203125 0.0625 0.015625
0 0.7328125 0.80625 0.046875 0.040625