0 0.553125 0.275 0.065625 0.06875
0 0.109375 0.6875 0.05 0.05
0 0.590625 0.6828125 0.0875 0.0671875
0 0.1640625 0.453125 0.06875 0.06875
0 0.65 0.4375 0.0359375 0.0609375
0 0.290625 0.7125 0.0546875 0.0515625
0 0.246875 0.034375 0.0359375 0.0359375
0 0.275 0.615625 0.0828125 0.0828125
0 0.89375 0.3640625 0.0359375 0.0359375
0 0.990625 0.709375 0.0171875 0.0484375
0 0.8328125 0.70625 0.0578125 0.0578125
0 0.771875 0.709375 0.090625 0.0609375
0 0.190625 0.940625 0.04375 0.04375
0 0.0953125 0.9890625 0.046875 0.021875