0 0.0859375 0.25625 0.05 0.05
0 0.79921875 0.06953125 0.1453125 0.1390625
0 0.6375 0.2078125 0.034375 0.028125
0 0.56484375 0.35078125 0.0109375 0.0546875
0 0.6234375 0.2515625 0.10625 0.0578125
0 0.478125 0.8546875 0.121875 0.125
0 0.4828125 0.9828125 0.078125 0.034375
0 0.075 0.9359375 0.0328125 0.0359375
0 0.471875 0.6125 0.065625 0.1109375
0 0.02109375 0.5625 0.0421875 0.065625
0 0.4640625 0.6890625 0.05 0.1140625
0 0.878125 0.846875 0.0625 0.0625
0 0.853125 0.690625 0.05625 0.05625
0 0.8796875 0.96953125 0.059375 0.0609375