0 0.2578125 0.0796875 0.040625 0.03125
0 0.4203125 0.1 0.040625 0.040625
0 0.453125 0.1265625 0.0125 0.05
0 0.6828125 0.1328125 0.046875 0.096875
0 0.55625 0.0671875 0.046875 0.046875
0 0.209375 0.6265625 0.10625 0.10625
0 0.03125 0.7359375 0.059375 0.059375
0 0.42734375 0.8609375 0.0640625 0.071875
0 0.0125 0.86796875 0.025 0.1203125
0 0.5578125 0.8921875 0.059375 0.028125
0 0.51953125 0.52890625 0.1203125 0.2984375
0 0.66484375 0.40859375 0.0890625 0.0578125
0 0.8203125 0.4265625 0.109375 0.06875
0 0.578125 0.5515625 0.10625 0.078125
0 0.95546875 0.52265625 0.0890625 0.1328125
0 0.97890625 0.48515625 0.0421875 0.0515625
0 0.97421875 0.54765625 0.0515625 0.0546875
0 0.9703125 0.50859375 0.059375 0.1015625