0 0.01328125 0.49375 0.0265625 0.090625
0 0.2328125 0.221875 0.10625 0.10625
0 0.4546875 0.4875 0.065625 0.0625
0 0.7296875 0.46171875 0.234375 0.1953125
0 0.725 0.3515625 0.1109375 0.1109375
0 0.8046875 0.2984375 0.059375 0.0671875
0 0.7578125 0.2015625 0.0515625 0.0546875
0 0.3765625 0.8578125 0.053125 0.046875
0 0.08203125 0.575 0.0296875 0.03125
0 0.6890625 0.671875 0.0265625 0.0515625
0 0.675 0.646875 0.053125 0.071875
0 0.6671875 0.690625 0.0671875 0.0734375
0 0.97890625 0.66875 0.0421875 0.046875
0 0.8015625 0.825 0.0546875 0.053125