0 0.021875 0.59375 0.04375 0.05
0 0.171875 0.603125 0.109375 0.03125
0 0.2171875 0.3421875 0.053125 0.053125
0 0.2046875 0.2078125 0.06875 0.071875
0 0.4609375 0.58359375 0.0875 0.0703125
0 0.6578125 0.3765625 0.05 0.05
0 0.9453125 0.5578125 0.071875 0.071875
0 0.7234375 0.5265625 0.053125 0.053125
0 0.5578125 0.16875 0.05 0.05
0 0.5765625 0.0453125 0.053125 0.053125
0 0.2734375 0.7578125 0.053125 0.075
0 0.5234375 0.740625 0.04375 0.046875
0 0.3984375 0.79375 0.059375 0.059375
0 0.9421875 0.9828125 0.05 0.034375
0 0.98125 0.946875 0.0375 0.053125
0 0.825 0.796875 0.0375 0.0375