0 0.2984375 0.25859375 0.215625 0.2203125
0 0.3765625 0.078125 0.084375 0.08125
0 0.2609375 0.140625 0.053125 0.028125
0 0.2828125 0.1328125 0.071875 0.071875
0 0.7828125 0.35703125 0.0625 0.0234375
0 0.83125 0.109375 0.096875 0.0375
0 0.5765625 0.02421875 0.059375 0.0484375
0 0.16875 0.7640625 0.040625 0.0625
0 0.4703125 0.66875 0.078125 0.1
0 0.3375 0.5796875 0.0625 0.0625
0 0.1265625 0.8140625 0.028125 0.03125
0 0.096875 0.5828125 0.0625 0.06875
0 0.8703125 0.678125 0.06875 0.065625
0 0.665625 0.8609375 0.1125 0.1125
0 0.546875 0.4546875 0.075 0.1