0 0.10625 0.103125 0.0953125 0.0953125
0 0.0234375 0.075 0.046875 0.0515625
0 0.265625 0.546875 0.0625 0.0625
0 0.16875 0.3890625 0.0515625 0.053125
0 0.0140625 0.025 0.028125 0.0421875
0 0.19375 0.2109375 0.0296875 0.0296875
0 0.225 0.490625 0.0375 0.0375
0 0.009375 0.51875 0.01875 0.0421875
0 0.384375 0.484375 0.0296875 0.0296875
0 0.03125 0.4578125 0.0609375 0.090625
0 0.0671875 0.040625 0.0578125 0.0578125
0 0.1515625 0.153125 0.05625 0.059375
0 0.240625 0.11875 0.0453125 0.0453125
0 0.846875 0.128125 0.090625 0.0796875
0 0.803125 0.521875 0.134375 0.146875
0 0.8640625 0.78125 0.075 0.0796875