0 0.096875 0.10625 0.046875 0.046875
0 0.3828125 0.56875 0.04375 0.04375
0 0.1 0.3953125 0.034375 0.0375
0 0.0734375 0.5546875 0.059375 0.059375
0 0.3046875 0.1390625 0.0375 0.0375
0 0.3203125 0.1 0.078125 0.078125
0 0.79375 0.64609375 0.0375 0.0078125
0 0.7671875 0.5140625 0.075 0.075
0 0.41640625 0.91875 0.1453125 0.1625
0 0.2125 0.878125 0.134375 0.2375
0 0.45390625 0.80234375 0.0703125 0.0859375
0 0.0375 0.890625 0.0484375 0.0390625
0 0.684375 0.8109375 0.04375 0.034375
0 0.8640625 0.98671875 0.065625 0.0265625
0 0.8421875 0.8203125 0.034375 0.034375