0 0.1796875 0.1046875 0.0625 0.0625
0 0.3375 0.1546875 0.246875 0.309375
0 0.4640625 0.2953125 0.096875 0.028125
0 0.9484375 0.096875 0.05625 0.05625
0 0.02578125 0.5078125 0.0515625 0.240625
0 0.134375 0.4984375 0.1125 0.171875
0 0.465625 0.6859375 0.090625 0.090625
0 0.30625 0.92578125 0.253125 0.1484375
0 0.15 0.371875 0.0703125 0.0875
0 0.0359375 0.3203125 0.071875 0.021875
0 0.403125 0.36171875 0.23125 0.1046875
0 0.53125 0.846875 0.025 0.08125
0 0.5984375 0.78125 0.08125 0.08125
0 0.95234375 0.74375 0.0953125 0.1
0 0.978125 0.7609375 0.04375 0.19375
0 0.54765625 0.353125 0.0578125 0.0875
0 0.8828125 0.4421875 0.1890625 0.159375