0 0.725 0.40625 0.0953125 0.025
0 0.715625 0.28125 0.059375 0.0625
0 0.696875 0.10625 0.0359375 0.05
0 0.478125 0.265625 0.028125 0.046875
0 0.86875 0.2734375 0.0421875 0.0328125
0 0.8875 0.103125 0.103125 0.05
0 0.875 0.103125 0.05 0.046875
0 0.63125 0.0875 0.0296875 0.028125
0 0.146875 0.44375 0.0859375 0.05
0 0.978125 0.8 0.0390625 0.046875
0 0.59375 0.6265625 0.0453125 0.0390625
0 0.9453125 0.4859375 0.0359375 0.046875
0 0.978125 0.909375 0.03125 0.0375
0 0.44375 0.628125 0.0265625 0.1015625
0 0.4546875 0.8828125 0.05 0.0625