0 0.025 0.1734375 0.034375 0.059375
0 0.40625 0.315625 0.059375 0.05625
0 0.634375 0.321875 0.034375 0.034375
0 0.11875 0.3328125 0.046875 0.046875
0 0.6265625 0.3640625 0.053125 0.0375
0 0.80859375 0.48671875 0.1390625 0.1265625
0 0.9078125 0.109375 0.040625 0.040625
0 0.4734375 0.6140625 0.128125 0.128125
0 0.3359375 0.7125 0.0234375 0.046875
0 0.5640625 0.57578125 0.071875 0.0515625
0 0.3421875 0.903125 0.0328125 0.0734375
0 0.728125 0.9328125 0.021875 0.025
0 0.828125 0.684375 0.0703125 0.0765625