0 0.06875 0.084375 0.0609375 0.053125
0 0.3375 0.0265625 0.0703125 0.053125
0 0.2265625 0.0453125 0.065625 0.065625
0 0.434375 0.0421875 0.0734375 0.0734375
0 0.625 0.33125 0.0546875 0.05
0 0.7875 0.51875 0.159375 0.0671875
0 0.6046875 0.171875 0.03125 0.0296875
0 0.58125 0.55 0.096875 0.0546875
0 0.54375 0.553125 0.025 0.0421875
0 0.48125 0.8 0.05625 0.1703125
0 0.109375 0.7234375 0.1546875 0.1
0 0.31875 0.753125 0.13125 0.0921875
0 0.4 0.771875 0.1453125 0.1078125
0 0.453125 0.7828125 0.1125 0.096875
0 0.4375 0.7890625 0.1421875 0.146875