0 0.5265625 0.1625 0.084375 0.0875
0 0.446875 0.33984375 0.034375 0.0546875
0 0.00390625 0.709375 0.0078125 0.034375
0 0.253125 0.99375 0.034375 0.0125
0 0.34375 0.8671875 0.034375 0.0359375
0 0.06953125 0.57421875 0.1390625 0.2453125
0 0.140625 0.615625 0.0859375 0.0890625
0 0.02578125 0.553125 0.0515625 0.065625
0 0.3546875 0.684375 0.065625 0.0234375
0 0.4609375 0.96640625 0.0625 0.0671875
0 0.8203125 0.8796875 0.05625 0.0578125
0 0.5953125 0.98203125 0.0625 0.0359375
0 0.66875 0.8390625 0.05 0.0484375