0 0.128125 0.325 0.040625 0.040625
0 0.2015625 0.334375 0.03125 0.03125
0 0.97890625 0.1875 0.0421875 0.046875
0 0.4125 0.234375 0.06875 0.071875
0 0.1796875 0.825 0.065625 0.065625
0 0.259375 0.83125 0.075 0.075
0 0.0515625 0.45859375 0.103125 0.1078125
0 0.10625 0.8328125 0.05625 0.128125
0 0.096875 0.496875 0.0765625 0.103125
0 0.38671875 0.98984375 0.0328125 0.0203125
0 0.5375 0.56875 0.0640625 0.08125
0 0.390625 0.8125 0.06875 0.0609375
0 0.45625 0.75625 0.0578125 0.0828125
0 0.80625 0.7640625 0.0421875 0.159375
0 0.475 0.434375 0.0390625 0.0484375