0 0.478125 0.3 0.04375 0.04375
0 0.3265625 0.00703125 0.025 0.0140625
0 0.5703125 0.00625 0.034375 0.0125
0 0.0671875 0.896875 0.09375 0.09375
0 0.0765625 0.6875 0.040625 0.05
0 0.071875 0.99296875 0.059375 0.0140625
0 0.0765625 0.784375 0.06875 0.06875
0 0.48203125 0.61171875 0.0796875 0.0640625
0 0.0109375 0.978125 0.021875 0.04375
0 0.01640625 0.70390625 0.0328125 0.0546875
0 0.48984375 0.82578125 0.0796875 0.3484375
0 0.64765625 0.653125 0.0359375 0.078125
0 0.8890625 0.809375 0.08125 0.075
0 0.6890625 0.875 0.0625 0.075