0 0.3453125 0.1375 0.025 0.028125
0 0.2515625 0.1203125 0.01875 0.01875
0 0.3421875 0.6078125 0.03125 0.03125
0 0.475 0.0328125 0.065625 0.065625
0 0.496875 0.1 0.01875 0.0734375
0 0.47265625 0.25546875 0.0671875 0.2203125
0 0.7484375 0.1640625 0.090625 0.090625
0 0.5890625 0.465625 0.0625 0.0609375
0 0.8828125 0.221875 0.084375 0.084375
0 0.35625 0.66640625 0.028125 0.0328125
0 0.903125 0.7140625 0.059375 0.059375
0 0.64609375 0.9734375 0.0703125 0.053125
0 0.8921875 0.9859375 0.059375 0.028125
0 0.84375 0.746875 0.0390625 0.0390625