0 0.31171875 0.1109375 0.0765625 0.096875
0 0.7734375 0.2921875 0.040625 0.040625
0 0.9609375 0.228125 0.053125 0.053125
0 0.7609375 0.1984375 0.04375 0.0515625
0 0.0828125 0.99375 0.0375 0.0125
0 0.1546875 0.94453125 0.096875 0.1109375
0 0.00546875 0.8921875 0.0109375 0.028125
0 0.3015625 0.7015625 0.096875 0.13125
0 0.2640625 0.840625 0.0375 0.040625
0 0.2375 0.909375 0.0234375 0.025
0 0.171875 0.69375 0.1109375 0.1140625
0 0.028125 0.7546875 0.04375 0.05625
0 0.0328125 0.921875 0.046875 0.0453125
0 0.2671875 0.571875 0.0578125 0.115625
0 0.3078125 0.95078125 0.059375 0.0984375
0 0.371875 0.6390625 0.04375 0.059375
0 0.5640625 0.7375 0.059375 0.0625