0 0.8046875 0.5515625 0.0734375 0.0671875
0 0.5640625 0.8328125 0.0515625 0.0453125
0 0.33125 0.4171875 0.1328125 0.1890625
0 0.6078125 0.446875 0.0359375 0.0390625
0 0.3375 0.1546875 0.0703125 0.0875
0 0.10625 0.775 0.04375 0.0359375
0 0.1 0.3265625 0.04375 0.03125
0 0.053125 0.875 0.071875 0.059375
0 0.984375 0.203125 0.03125 0.03125
0 0.3109375 0.546875 0.0640625 0.0984375
0 0.278125 0.10625 0.0734375 0.025
0 0.2140625 0.571875 0.0390625 0.053125
0 0.2328125 0.678125 0.040625 0.04375
0 0.3375 0.2625 0.08125 0.0796875
0 0.98125 0.2796875 0.0328125 0.034375