0 0.053125 0.41875 0.075 0.06875
0 0.5265625 0.284375 0.1625 0.159375
0 0.25 0.3140625 0.034375 0.0375
0 0.5203125 0.03125 0.08125 0.0625
0 0.546875 0.4140625 0.084375 0.084375
0 0.63125 0.4390625 0.015625 0.053125
0 0.5203125 0.1296875 0.08125 0.08125
0 0.975 0.00546875 0.046875 0.0109375
0 0.375 0.8140625 0.075 0.078125
0 0.315625 0.56875 0.053125 0.053125
0 0.071875 0.5015625 0.034375 0.025
0 0.1328125 0.8375 0.059375 0.0625
0 0.19375 0.840625 0.090625 0.0625
0 0.734375 0.6015625 0.053125 0.06875
0 0.7296875 0.678125 0.0625 0.0625