0 0.503125 0.3859375 0.028125 0.071875
0 0.403125 0.509375 0.10625 0.040625
0 0.471875 0.4484375 0.0875 0.0875
0 0.01640625 0.48671875 0.0328125 0.0734375
0 0.478125 0.215625 0.08125 0.084375
0 0.5046875 0.065625 0.034375 0.034375
0 0.09375 0.1984375 0.121875 0.121875
0 0.8640625 0.05078125 0.10625 0.1015625
0 0.66875 0.3328125 0.09375 0.09375
0 0.6875 0.1265625 0.109375 0.109375
0 0.734375 0.0421875 0.084375 0.084375
0 0.7828125 0.096875 0.059375 0.071875
0 0.8296875 0.80625 0.08125 0.078125
0 0.7921875 0.759375 0.046875 0.05
0 0.734375 0.98359375 0.078125 0.0328125
0 0.6171875 0.55703125 0.015625 0.0546875