0 0.53125 0.290625 0.2015625 0.2015625
0 0.65 0.1578125 0.0921875 0.0921875
0 0.7875 0.309375 0.075 0.071875
0 0.7421875 0.08125 0.0546875 0.0578125
0 0.6578125 0.41875 0.0578125 0.05625
0 0.665625 0.35 0.0671875 0.06875
0 0.60625 0.36875 0.0578125 0.0578125
0 0.759375 0.0046875 0.0421875 0.009375
0 0.8640625 0.2359375 0.075 0.071875
0 0.48125 0.421875 0.0890625 0.0875
0 0.209375 0.978125 0.0875 0.0421875
0 0.35546875 0.97421875 0.0546875 0.0515625
0 0.9328125 0.715625 0.0609375 0.0609375
0 0.5078125 0.86875 0.0578125 0.0578125