0 0.4609375 0.33125 0.1609375 0.06875
0 0.640625 0.859375 0.021875 0.025
0 0.9078125 0.3265625 0.16875 0.08125
0 0.259375 0.8671875 0.021875 0.021875
0 0.4 0.8671875 0.040625 0.0328125
0 0.646875 0.3265625 0.15 0.078125
0 0.021875 0.35625 0.0421875 0.0546875
0 0.5421875 0.734375 0.0359375 0.0328125
0 0.0875 0.31875 0.040625 0.0625
0 0.21875 0.3375 0.1109375 0.065625
0 0.9875 0.8875 0.0234375 0.0375
0 0.1640625 0.8046875 0.075 0.075
0 0.2953125 0.3453125 0.1140625 0.05
0 0.7765625 0.3421875 0.159375 0.05625
0 0.725 0.8046875 0.084375 0.046875
0 0.8234375 0.7390625 0.0578125 0.028125