0 0.359375 0.159375 0.0984375 0.1046875
0 0.3 0.003125 0.03125 0.00625
0 0.96484375 0.37734375 0.0703125 0.0890625
0 0.84375 0.259375 0.0546875 0.0546875
0 0.81875 0.309375 0.0890625 0.0578125
0 0.784375 0.203125 0.05625 0.046875
0 0.98671875 0.25234375 0.0265625 0.0640625
0 0.1875 0.8375 0.0609375 0.0609375
0 0.309375 0.865625 0.03125 0.034375
0 0.365625 0.5875 0.059375 0.046875
0 0.46875 0.578125 0.0609375 0.0671875
0 0.46875 0.746875 0.04375 0.04375
0 0.4875 0.48125 0.078125 0.0421875
0 0.465625 0.8328125 0.0453125 0.0375
0 0.4640625 0.90625 0.021875 0.025