0 0.2453125 0.37109375 0.059375 0.0359375
0 0.5390625 0.125 0.11875 0.1375
0 0.94296875 0.28203125 0.1140625 0.2140625
0 0.4671875 0.4078125 0.025 0.0375
0 0.4140625 0.9359375 0.084375 0.084375
0 0.01171875 0.5609375 0.0234375 0.0625
0 0.29453125 0.93671875 0.0640625 0.1265625
0 0.10390625 0.71875 0.2078125 0.234375
0 0.2171875 0.8453125 0.1015625 0.0953125
0 0.746875 0.7125 0.078125 0.059375
0 0.78125 0.4859375 0.05 0.05
0 0.821875 0.4984375 0.053125 0.05625
0 0.640625 0.6109375 0.0453125 0.0453125