0 0.3578125 0.571875 0.0453125 0.046875
0 0.475 0.034375 0.1703125 0.0671875
0 0.4515625 0.271875 0.2015625 0.2015625
0 0.2125 0.5828125 0.1328125 0.053125
0 0.5 0.1328125 0.0609375 0.0609375
0 0.51875 0.0625 0.0328125 0.0328125
0 0.578125 0.184375 0.0609375 0.1796875
0 0.3375 0.19375 0.1859375 0.1859375
0 0.259375 0.059375 0.078125 0.078125
0 0.340625 0.35 0.140625 0.1484375
0 0.5734375 0.0671875 0.071875 0.134375
0 0.971875 0.1359375 0.0546875 0.096875
0 0.778125 0.015625 0.1140625 0.03125
0 0.9234375 0.0953125 0.1140625 0.1140625
0 0.253125 0.884375 0.0453125 0.046875
0 0.596875 0.6953125 0.0234375 0.075
0 0.2890625 0.678125 0.0390625 0.0390625
0 0.9859375 0.6734375 0.028125 0.065625