0 0.2484375 0.1640625 0.040625 0.0625
0 0.0796875 0.3484375 0.0625 0.0625
0 0.4953125 0.0671875 0.034375 0.0375
0 0.290625 0.1140625 0.028125 0.028125
0 0.3203125 0.3453125 0.065625 0.071875
0 0.659375 0.396875 0.03125 0.03125
0 0.715625 0.39375 0.05 0.053125
0 0.7953125 0.01328125 0.0625 0.0265625
0 0.48125 0.53046875 0.05 0.0234375
0 0.1796875 0.9015625 0.034375 0.0375
0 0.1390625 0.5734375 0.03125 0.0375
0 0.1578125 0.52421875 0.03125 0.0109375
0 0.890625 0.959375 0.06875 0.06875
0 0.62890625 0.621875 0.0578125 0.0625