0 0.04296875 0.509375 0.0859375 0.05
0 0.14453125 0.440625 0.2890625 0.21875
0 0.1890625 0.5109375 0.040625 0.040625
0 0.66875 0.51953125 0.121875 0.0609375
0 0.79375 0.46875 0.08125 0.08125
0 0.5546875 0.375 0.053125 0.046875
0 0.740625 0.040625 0.075 0.075
0 0.6875 0.228125 0.0375 0.0375
0 0.553125 0.0640625 0.04375 0.046875
0 0.5265625 0.2453125 0.034375 0.034375
0 0.678125 0.29375 0.034375 0.0359375
0 0.6421875 0.334375 0.0328125 0.03125
0 0.7796875 0.259375 0.034375 0.034375
0 0.9484375 0.096875 0.046875 0.046875
0 0.053125 0.99140625 0.0375 0.0171875
0 0.4203125 0.884375 0.059375 0.059375
0 0.50625 0.93125 0.1125 0.1125
0 0.4359375 0.85 0.0625 0.0625
0 0.4640625 0.6453125 0.05625 0.053125
0 0.98828125 0.6875 0.0234375 0.021875
0 0.96640625 0.56640625 0.0484375 0.0328125