0 0.1796875 0.16875 0.084375 0.084375
0 0.01875 0.3875 0.034375 0.034375
0 0.0203125 0.1875 0.034375 0.034375
0 0.1703125 0.215625 0.046875 0.034375
0 0.5234375 0.384375 0.06875 0.06875
0 0.5171875 0.3921875 0.05625 0.053125
0 0.5390625 0.146875 0.0625 0.06875
0 0.115625 0.99296875 0.059375 0.0140625
0 0.1078125 0.8546875 0.05 0.053125
0 0.096875 0.584375 0.0375 0.0375
0 0.109375 0.4828125 0.034375 0.034375
0 0.1015625 0.7203125 0.03125 0.046875
0 0.0703125 0.4484375 0.03125 0.028125
0 0.503125 0.9625 0.028125 0.065625
0 0.7125 0.61875 0.053125 0.053125