0 0.0921875 0.475 0.084375 0.04375
0 0.0546875 0.13125 0.059375 0.059375
0 0.3234375 0.0890625 0.03125 0.034375
0 0.609375 0.06875 0.071875 0.071875
0 0.74375 0.51953125 0.196875 0.0984375
0 0.7140625 0.265625 0.0375 0.0375
0 0.98046875 0.53359375 0.0390625 0.0703125
0 0.61328125 0.54921875 0.0984375 0.0390625
0 0.89765625 0.53203125 0.0796875 0.0734375
0 0.00625 0.72421875 0.0125 0.0453125
0 0.325 0.79375 0.0328125 0.0328125
0 0.01328125 0.6671875 0.0265625 0.025
0 0.54375 0.678125 0.065625 0.065625
0 0.7453125 0.7921875 0.046875 0.03125
0 0.609375 0.978125 0.059375 0.04375
0 0.8734375 0.96875 0.0453125 0.0515625
0 0.8453125 0.596875 0.0359375 0.034375