0 0.36875 0.559375 0.0515625 0.01875
0 0.30625 0.5265625 0.0890625 0.084375
0 0.8 0.340625 0.0328125 0.028125
0 0.6859375 0.18125 0.0375 0.0359375
0 0.8265625 0.128125 0.0296875 0.028125
0 0.69375 0.134375 0.034375 0.034375
0 0.7375 0.44375 0.034375 0.03125
0 0.4875 0.8609375 0.0625 0.0765625
0 0.465625 0.659375 0.0734375 0.0734375
0 0.2578125 0.9296875 0.0421875 0.0484375
0 0.1296875 0.75 0.046875 0.053125
0 0.203125 0.940625 0.0453125 0.046875
0 0.98671875 0.7796875 0.0265625 0.03125
0 0.95 0.64375 0.0546875 0.0546875
0 0.9546875 0.8875 0.090625 0.0921875