0 0.603125 0.0375 0.0875 0.075
0 0.62734375 0.2359375 0.0453125 0.053125
0 0.65859375 0.215625 0.0171875 0.04375
0 0.96171875 0.32265625 0.0453125 0.0140625
0 0.6109375 0.4375 0.078125 0.1
0 0.1265625 0.5921875 0.084375 0.04375
0 0.6203125 0.5734375 0.059375 0.0375
0 0.59921875 0.34140625 0.0515625 0.0234375
0 0.528125 0.5375 0.0359375 0.03125
0 0.15 0.346875 0.05625 0.034375
0 0.540625 0.9828125 0.21875 0.034375
0 0.00625 0.5515625 0.0125 0.05
0 0.4109375 0.584375 0.046875 0.028125
0 0.2328125 0.97890625 0.165625 0.0421875
0 0.715625 0.8171875 0.0671875 0.115625