0 0.44375 0.146875 0.059375 0.05625
0 0.375 0.4375 0.071875 0.0375
0 0.4625 0.4328125 0.03125 0.028125
0 0.0421875 0.7546875 0.040625 0.040625
0 0.4859375 0.8734375 0.025 0.021875
0 0.196875 0.653125 0.03125 0.03125
0 0.25 0.48125 0.0203125 0.021875
0 0.103125 0.721875 0.0234375 0.021875
0 0.296875 0.8421875 0.025 0.0265625
0 0.3140625 0.784375 0.0890625 0.040625
0 0.0703125 0.8953125 0.0234375 0.021875
0 0.1875 0.9234375 0.021875 0.0203125
0 0.3125 0.4453125 0.0296875 0.040625
0 0.0203125 0.9015625 0.021875 0.021875
0 0.95 0.6203125 0.0625 0.0625
0 0.596875 0.94375 0.05625 0.1125