0 0.0421875 0.2359375 0.065625 0.065625
0 0.2015625 0.0359375 0.115625 0.071875
0 0.7109375 0.396875 0.078125 0.04375
0 0.7234375 0.2609375 0.0625 0.065625
0 0.746875 0.0859375 0.04375 0.04375
0 0.9625 0.2484375 0.028125 0.046875
0 0.571875 0.25 0.0375 0.0375
0 0.55703125 0.07890625 0.0953125 0.0484375
0 0.56875 0.0796875 0.0484375 0.0453125
0 0.8109375 0.06875 0.0296875 0.028125
0 0.0125 0.4984375 0.025 0.08125
0 0.215625 0.8578125 0.125 0.125
0 0.178125 0.7984375 0.103125 0.0765625
0 0.3296875 0.5390625 0.121875 0.1328125
0 0.99296875 0.9703125 0.0140625 0.059375