0 0.4796875 0.1125 0.0375 0.03125
0 0.1484375 0.225 0.021875 0.021875
0 0.48203125 0.64375 0.0359375 0.04375
0 0.35703125 0.47890625 0.1015625 0.0984375
0 0.1375 0.9796875 0.046875 0.040625
0 0.765625 0.475 0.1125 0.090625
0 0.890625 0.5453125 0.0875 0.0875
0 0.6515625 0.6390625 0.046875 0.046875
0 0.8375 0.96875 0.071875 0.0625
0 0.784375 0.7859375 0.0375 0.0375
0 0.65 0.95 0.0421875 0.0421875
0 0.6234375 0.76875 0.034375 0.034375
0 0.775 0.7203125 0.034375 0.0359375
0 0.7390625 0.6796875 0.0328125 0.03125
0 0.8765625 0.7546875 0.034375 0.034375