0 0.10625 0.4578125 0.078125 0.078125
0 0.240625 0.4734375 0.065625 0.065625
0 0.403125 0.3640625 0.065625 0.05
0 0.59609375 0.3125 0.0453125 0.053125
0 0.7234375 0.478125 0.053125 0.053125
0 0.7484375 0.56875 0.053125 0.053125
0 0.9515625 0.36875 0.0734375 0.015625
0 0.93125 0.13125 0.0671875 0.0640625
0 0.0828125 0.9796875 0.071875 0.040625
0 0.02109375 0.97265625 0.0421875 0.0546875
0 0.2890625 0.6515625 0.078125 0.04375
0 0.1234375 0.8 0.0625 0.0625
0 0.6328125 0.9203125 0.028125 0.06875
0 0.9359375 0.9625 0.046875 0.0546875