0 0.1828125 0.10625 0.0625 0.0625
0 0.0734375 0.26875 0.05 0.065625
0 0.02421875 0.45 0.0484375 0.01875
0 0.6921875 0.246875 0.06875 0.06875
0 0.859375 0.434375 0.071875 0.05
0 0.615625 0.2484375 0.03125 0.05625
0 0.44375 0.534375 0.08125 0.08125
0 0.1328125 0.50625 0.040625 0.040625
0 0.5796875 0.47421875 0.040625 0.0296875
0 0.3125 0.846875 0.0828125 0.0828125
0 0.43125 0.8859375 0.0953125 0.096875
0 0.61171875 0.515625 0.0234375 0.0625
0 0.7234375 0.7359375 0.0453125 0.0390625
0 0.8734375 0.7375 0.0265625 0.1015625
0 0.8625 0.98046875 0.05 0.0390625