0 0.321875 0.1734375 0.059375 0.059375
0 0.9390625 0.2390625 0.084375 0.084375
0 0.684375 0.228125 0.05 0.05
0 0.8265625 0.025 0.01875 0.04375
0 0.6359375 0.2296875 0.03125 0.0375
0 0.0421875 0.9140625 0.0375 0.03125
0 0.0484375 0.9765625 0.03125 0.034375
0 0.8640625 0.6609375 0.203125 0.203125
0 0.7453125 0.528125 0.09375 0.09375
0 0.6078125 0.6796875 0.078125 0.075
0 0.653125 0.459375 0.053125 0.040625
0 0.7375 0.7890625 0.059375 0.05625
0 0.7296875 0.7203125 0.071875 0.071875
0 0.7890625 0.7390625 0.0578125 0.0578125
0 0.53125 0.60625 0.075 0.071875
0 0.9140625 0.7921875 0.0890625 0.0875