0 0.2765625 0.0171875 0.0625 0.034375
0 0.6078125 0.3796875 0.0625 0.0625
0 0.6734375 0.05 0.053125 0.053125
0 0.4671875 0.0609375 0.0375 0.034375
0 0.69375 0.265625 0.053125 0.034375
0 0.65625 0.221875 0.0328125 0.0578125
0 0.2171875 0.9546875 0.14375 0.090625
0 0.0640625 0.8375 0.065625 0.065625
0 0.1328125 0.90625 0.11875 0.11875
0 0.32421875 0.98203125 0.0765625 0.0359375
0 0.1296875 0.8 0.0921875 0.0921875
0 0.015625 0.7609375 0.03125 0.034375
0 0.43359375 0.86796875 0.0109375 0.0890625
0 0.103125 0.6078125 0.1078125 0.1078125