0 0.4234375 0.29375 0.053125 0.05
0 0.1953125 0.1859375 0.075 0.01875
0 0.2578125 0.803125 0.05 0.046875
0 0.5578125 0.709375 0.209375 0.2125
0 0.246875 0.940625 0.05625 0.11875
0 0.6921875 0.6609375 0.053125 0.059375
0 0.6359375 0.5828125 0.165625 0.078125
0 0.63046875 0.8234375 0.1765625 0.1875
0 0.4796875 0.8203125 0.153125 0.14375
0 0.134375 0.5640625 0.075 0.0234375
0 0.1515625 0.871875 0.0390625 0.0390625
0 0.95859375 0.946875 0.0828125 0.10625
0 0.7890625 0.35 0.140625 0.0625
0 0.74453125 0.6859375 0.0515625 0.078125
0 0.95546875 0.36953125 0.0890625 0.1015625