0 0.278125 0.03828125 0.078125 0.0765625
0 0.021875 0.6453125 0.04375 0.06875
0 0.246875 0.9265625 0.053125 0.053125
0 0.4703125 0.5109375 0.11875 0.19375
0 0.203125 0.540625 0.0375 0.0375
0 0.4734375 0.26953125 0.08125 0.0390625
0 0.4984375 0.63984375 0.0625 0.0984375
0 0.4734375 0.35625 0.08125 0.0796875
0 0.56875 0.85 0.053125 0.053125
0 0.8984375 0.3421875 0.040625 0.040625
0 0.9734375 0.8140625 0.053125 0.06875
0 0.6765625 0.4359375 0.05 0.05
0 0.75 0.9296875 0.046875 0.04375
0 0.9578125 0.5140625 0.0375 0.046875
0 0.85625 0.515625 0.075 0.0671875