0 0.4390625 0.2234375 0.021875 0.096875
0 0.4375 0.3203125 0.025 0.078125
0 0.4140625 0.1625 0.046875 0.05
0 0.4375 0.2078125 0.025 0.121875
0 0.8953125 0.0921875 0.06875 0.0625
0 0.1578125 0.4703125 0.084375 0.08125
0 0.96484375 0.6328125 0.0703125 0.11875
0 0.9078125 0.7578125 0.08125 0.08125
0 0.8140625 0.51875 0.046875 0.046875
0 0.484375 0.7046875 0.06875 0.078125
0 0.6671875 0.6515625 0.0375 0.0375
0 0.503125 0.5171875 0.0421875 0.0421875
0 0.684375 0.490625 0.034375 0.034375
0 0.7328125 0.6421875 0.0359375 0.034375
0 0.7734375 0.60625 0.03125 0.0328125
0 0.6984375 0.74375 0.034375 0.034375
0 0.5359375 0.9125 0.046875 0.046875