0 0.2765625 0.015625 0.153125 0.03125
0 0.2015625 0.0453125 0.078125 0.078125
0 0.1703125 0.0078125 0.071875 0.015625
0 0.475 0.18203125 0.05 0.2453125
0 0.46328125 0.334375 0.0734375 0.090625
0 0.49765625 0.5421875 0.0046875 0.05
0 0.4640625 0.4796875 0.071875 0.090625
0 0.2859375 0.9734375 0.03125 0.034375
0 0.1265625 0.859375 0.0375 0.0375
0 0.0734375 0.9921875 0.03125 0.015625
0 0.0796875 0.8671875 0.0375 0.0375
0 0.3890625 0.9109375 0.03125 0.034375
0 0.6578125 0.909375 0.084375 0.084375
0 0.540625 0.4625 0.08125 0.05625
0 0.97578125 0.5265625 0.0484375 0.05