0 0.39375 0.178125 0.0109375 0.0453125
0 0.29921875 0.95859375 0.1140625 0.0828125
0 0.325 0.95625 0.05625 0.05625
0 0.040625 0.534375 0.040625 0.040625
0 0.021875 0.659375 0.0421875 0.0421875
0 0.2875 0.275 0.0390625 0.0109375
0 0.5703125 0.61875 0.153125 0.1515625
0 0.421875 0.765625 0.0640625 0.0640625
0 0.6625 0.54375 0.0765625 0.0765625
0 0.49375 0.703125 0.0953125 0.0921875
0 0.5953125 0.5125 0.0703125 0.06875
0 0.40625 0.7015625 0.034375 0.078125
0 0.8 0.9171875 0.3140625 0.165625
0 0.95546875 0.82109375 0.0890625 0.0984375