0 0.25625 0.25 0.071875 0.075
0 0.4671875 0.00625 0.0375 0.0125
0 0.6375 0.2421875 0.05625 0.059375
0 0.7140625 0.19375 0.0375 0.0375
0 0.05 0.4890625 0.0375 0.0375
0 0.028125 0.55 0.05625 0.075
0 0.01640625 0.5578125 0.0328125 0.04375
0 0.1609375 0.4265625 0.053125 0.053125
0 0.45625 0.4609375 0.053125 0.053125
0 0.5359375 0.50625 0.075 0.075
0 0.33125 0.521875 0.0359375 0.0359375
0 0.371875 0.5953125 0.028125 0.028125
0 0.36796875 0.98359375 0.1265625 0.0328125
0 0.803125 0.546875 0.1125 0.125
0 0.61953125 0.5921875 0.0609375 0.071875
0 0.7828125 0.5578125 0.0625 0.0625
0 0.64375 0.5015625 0.059375 0.059375
0 0.6671875 0.7515625 0.040625 0.04375