0 0.3609375 0.2265625 0.0875 0.0875
0 0.2859375 0.0671875 0.084375 0.090625
0 0.48203125 0.3640625 0.0359375 0.0875
0 0.45625 0.2140625 0.06875 0.06875
0 0.1234375 0.0703125 0.071875 0.071875
0 0.025 0.0109375 0.05 0.021875
0 0.0234375 0.1546875 0.046875 0.09375
0 0.0671875 0.0609375 0.05 0.05
0 0.8484375 0.29375 0.115625 0.128125
0 0.86875 0.2828125 0.0625 0.0625
0 0.9890625 0.3390625 0.021875 0.059375
0 0.98203125 0.0890625 0.0359375 0.04375
0 0.4359375 0.63125 0.05625 0.04375
0 0.771875 0.89375 0.290625 0.084375
0 0.95625 0.48203125 0.0875 0.0859375
0 0.925 0.446875 0.0625 0.015625