0 0.4 0.571875 0.109375 0.0609375
0 0.8828125 0.259375 0.225 0.0625
0 0.15625 0.890625 0.0640625 0.0296875
0 0.528125 0.6171875 0.0984375 0.078125
0 0.190625 0.234375 0.046875 0.0484375
0 0.8375 0.5765625 0.109375 0.046875
0 0.134375 0.1734375 0.0640625 0.0640625
0 0.221875 0.20625 0.05 0.0390625
0 0.025 0.5828125 0.0484375 0.0390625
0 0.2015625 0.5796875 0.153125 0.075
0 0.3296875 0.128125 0.0625 0.0578125
0 0.9734375 0.66875 0.053125 0.0421875
0 0.0171875 0.2328125 0.034375 0.053125
0 0.2625 0.3671875 0.1125 0.08125
0 0.1328125 0.384375 0.1203125 0.1