0 0.26875 0.5359375 0.04375 0.0625
0 0.0859375 0.115625 0.028125 0.028125
0 0.03125 0.240625 0.0375 0.0375
0 0.5375 0.209375 0.0375 0.05
0 0.9890625 0.5046875 0.021875 0.0625
0 0.8625 0.16875 0.053125 0.040625
0 0.7453125 0.5296875 0.034375 0.034375
0 0.99296875 0.57890625 0.0140625 0.0203125
0 0.9453125 0.4125 0.04375 0.040625
0 0.065625 0.60625 0.04375 0.034375
0 0.34375 0.7109375 0.034375 0.084375
0 0.3484375 0.8046875 0.05625 0.05625
0 0.3328125 0.59765625 0.0375 0.0171875
0 0.6796875 0.6171875 0.059375 0.05625
0 0.8421875 0.7484375 0.0140625 0.05625