0 0.01484375 0.4078125 0.0296875 0.121875
0 0.6203125 0.225 0.04375 0.040625
0 0.4828125 0.2140625 0.053125 0.053125
0 0.7 0.0078125 0.021875 0.015625
0 0.703125 0.1875 0.028125 0.0375
0 0.85625 0.39375 0.065625 0.04375
0 0.7015625 0.3421875 0.025 0.053125
0 0.71875 0.4875 0.028125 0.025
0 0.890625 0.0546875 0.034375 0.046875
0 0.909375 0.03828125 0.06875 0.0765625
0 0.7078125 0.55 0.021875 0.0234375
0 0.7609375 0.4421875 0.034375 0.0375
0 0.684375 0.9734375 0.009375 0.04375
0 0.128125 0.95703125 0.090625 0.0859375
0 0.4671875 0.9609375 0.05625 0.05
0 0.371875 0.95625 0.053125 0.053125
0 0.2734375 0.9515625 0.071875 0.053125
0 0.6421875 0.97890625 0.05 0.0421875
0 0.771875 0.834375 0.028125 0.025