0 0.1125 0.190625 0.059375 0.059375
0 0.296875 0.196875 0.034375 0.065625
0 0.059375 0.4046875 0.046875 0.009375
0 0.43125 0.296875 0.040625 0.040625
0 0.825 0.25625 0.06875 0.06875
0 0.334375 0.9046875 0.05625 0.05625
0 0.1515625 0.6765625 0.0375 0.053125
0 0.2578125 0.6109375 0.034375 0.0375
0 0.0734375 0.5546875 0.078125 0.078125
0 0.528125 0.98828125 0.065625 0.0234375
0 0.228125 0.540625 0.078125 0.078125
0 0.2046875 0.5515625 0.14375 0.096875
0 0.2078125 0.96796875 0.065625 0.0640625
0 0.66875 0.4171875 0.05 0.015625