0 0.10625 0.196875 0.059375 0.059375
0 0.1390625 0.3890625 0.04375 0.04375
0 0.621875 0.3796875 0.025 0.121875
0 0.659375 0.47109375 0.1 0.0984375
0 0.75 0.18125 0.025 0.028125
0 0.7296875 0.0046875 0.01875 0.009375
0 0.3390625 0.9453125 0.0875 0.0875
0 0.1046875 0.7140625 0.084375 0.084375
0 0.371875 0.70625 0.1765625 0.15625
0 0.1375 0.659375 0.1 0.0546875
0 0.5265625 0.6625 0.0875 0.0578125
0 0.58984375 0.60234375 0.0390625 0.0421875
0 0.2640625 0.8125 0.05 0.0546875
0 0.5875 0.7296875 0.034375 0.034375
0 0.62578125 0.7109375 0.0328125 0.053125
0 0.80625 0.6328125 0.025 0.025
0 0.75625 0.86875 0.0203125 0.0234375