0 0.4828125 0.459375 0.075 0.0625
0 0.428125 0.51875 0.0625 0.0625
0 0.53359375 0.2 0.0515625 0.1
0 0.646875 0.48125 0.175 0.103125
0 0.9421875 0.4328125 0.115625 0.08125
0 0.621875 0.05625 0.0734375 0.025
0 0.625 0.0421875 0.0828125 0.0546875
0 0.9390625 0.0515625 0.0328125 0.0234375
0 0.8171875 0.4578125 0.1125 0.065625
0 0.03125 0.70234375 0.0625 0.0765625
0 0.134375 0.6609375 0.053125 0.065625
0 0.50546875 0.61953125 0.0734375 0.0203125
0 0.8703125 0.7 0.040625 0.05
0 0.7921875 0.6796875 0.03125 0.046875
0 0.70625 0.728125 0.028125 0.0359375
0 0.70625 0.65625 0.0390625 0.04375
0 0.6234375 0.8515625 0.0328125 0.0578125