0 0.05 0.08125 0.04375 0.04375
0 0.4140625 0.284375 0.040625 0.040625
0 0.284375 0.4296875 0.04375 0.040625
0 0.3875 0.378125 0.09375 0.090625
0 0.5828125 0.56875 0.040625 0.04375
0 0.709375 0.3453125 0.065625 0.06875
0 0.64609375 0.65625 0.0140625 0.025
0 0.784375 0.3171875 0.0453125 0.0453125
0 0.98984375 0.5984375 0.0203125 0.034375
0 0.3921875 0.96875 0.05 0.05
0 0.4484375 0.8671875 0.090625 0.078125
0 0.2484375 0.8953125 0.059375 0.059375
0 0.1640625 0.9546875 0.08125 0.0375
0 0.3515625 0.878125 0.046875 0.046875
0 0.0421875 0.99375 0.0375 0.0125
0 0.04375 0.9453125 0.06875 0.065625
0 0.275 0.9640625 0.0296875 0.0328125
0 0.4625 0.971875 0.0265625 0.0328125
0 0.7515625 0.8796875 0.09375 0.10625
0 0.7390625 0.8609375 0.128125 0.134375
0 0.7125 0.73984375 0.146875 0.1421875