0 0.2484375 0.1609375 0.071875 0.078125
0 0.10625 0.3015625 0.078125 0.071875
0 0.753125 0.44140625 0.159375 0.1171875
0 0.559375 0.484375 0.084375 0.03125
0 0.775 0.1296875 0.096875 0.109375
0 0.7625 0.1484375 0.13125 0.134375
0 0.553125 0.2921875 0.08125 0.08125
0 0.7625 0.3921875 0.065625 0.065625
0 0.4796875 0.3765625 0.059375 0.090625
0 0.5984375 0.36875 0.08125 0.078125
0 0.73125 0.2796875 0.1625 0.16875
0 0.8640625 0.790625 0.05 0.05
0 0.890625 0.78125 0.090625 0.084375
0 0.728125 0.5875 0.0375 0.0375