0 0.4390625 0.203125 0.0625 0.0375
0 0.4390625 0.1671875 0.06875 0.10625
0 0.3265625 0.1234375 0.03125 0.034375
0 0.525 0.1515625 0.05 0.08125
0 0.8515625 0.090625 0.053125 0.053125
0 0.1578125 0.5328125 0.040625 0.04375
0 0.375 0.86875 0.05625 0.05625
0 0.240625 0.65 0.0265625 0.046875
0 0.8515625 0.771875 0.040625 0.040625
0 0.93125 0.796875 0.075 0.078125
0 0.6640625 0.5328125 0.06875 0.065625
0 0.6125 0.6390625 0.0625 0.0625
0 0.56484375 0.5859375 0.0296875 0.04375
0 0.91875 0.9640625 0.0546875 0.0390625