0 0.4765625 0.415625 0.0765625 0.0765625
0 0.44375 0.403125 0.1359375 0.121875
0 0.44375 0.2828125 0.0515625 0.05
0 0.1609375 0.39375 0.053125 0.053125
0 0.3921875 0.49375 0.109375 0.1171875
0 0.28125 0.2875 0.046875 0.05
0 0.815625 0.025 0.0640625 0.0484375
0 0.971875 0.103125 0.05625 0.084375
0 0.3 0.59375 0.053125 0.0515625
0 0.05 0.940625 0.0984375 0.11875
0 0.43125 0.965625 0.1796875 0.0671875
0 0.22109375 0.95859375 0.1578125 0.0828125
0 0.1375 0.959375 0.1578125 0.08125
0 0.075 0.9609375 0.146875 0.078125
0 0.0890625 0.9421875 0.178125 0.115625
0 0.915625 0.765625 0.06875 0.06875
0 0.6375 0.790625 0.0375 0.0640625
0 0.6921875 0.684375 0.04375 0.04375
0 0.98125 0.759375 0.0359375 0.053125