0 0.01796875 0.2546875 0.0359375 0.103125
0 0.48125 0.21875 0.121875 0.121875
0 0.2828125 0.8515625 0.05 0.05
0 0.0125 0.4640625 0.025 0.04375
0 0.0265625 0.875 0.025 0.025
0 0.1765625 0.78125 0.0578125 0.0578125
0 0.378125 0.7359375 0.0375 0.0484375
0 0.2546875 0.5171875 0.0203125 0.0234375
0 0.2484375 0.7171875 0.0265625 0.0265625
0 0.4015625 0.6859375 0.04375 0.0390625
0 0.3578125 0.9359375 0.0484375 0.04375
0 0.3765625 0.7125 0.0453125 0.0921875
0 0.1953125 0.796875 0.03125 0.025
0 0.359375 0.9453125 0.040625 0.0265625
0 0.1609375 0.76875 0.0296875 0.0328125
0 0.60703125 0.6921875 0.0359375 0.059375
0 0.98203125 0.97265625 0.0359375 0.0546875