0 0.3 0.2484375 0.11875 0.11875
0 0.6625 0.0609375 0.071875 0.071875
0 0.73046875 0.02734375 0.0921875 0.0546875
0 0.65625 0.0140625 0.0625 0.028125
0 0.503125 0.02109375 0.028125 0.0421875
0 0.896875 0.109375 0.08125 0.1125
0 0.1390625 0.7921875 0.028125 0.05625
0 0.375 0.53046875 0.228125 0.2828125
0 0.3625 0.8609375 0.084375 0.084375
0 0.1765625 0.7421875 0.053125 0.059375
0 0.40703125 0.58671875 0.1640625 0.2796875
0 0.17890625 0.96015625 0.0578125 0.0796875
0 0.5828125 0.6890625 0.065625 0.0625
0 0.5453125 0.9796875 0.034375 0.0375
0 0.628125 0.503125 0.04375 0.040625
0 0.6046875 0.60625 0.1 0.1
0 0.50390625 0.9609375 0.0296875 0.05625
0 0.5578125 0.9296875 0.046875 0.040625