0 0.125 0.2109375 0.05625 0.05
0 0.221875 0.1484375 0.040625 0.040625
0 0.153125 0.303125 0.125 0.125
0 0.0953125 0.1734375 0.121875 0.125
0 0.096875 0.340625 0.0375 0.034375
0 0.946875 0.0859375 0.071875 0.071875
0 0.4921875 0.11875 0.0375 0.0375
0 0.5546875 0.0421875 0.05625 0.084375
0 0.0578125 0.4515625 0.040625 0.065625
0 0.146875 0.7390625 0.05 0.053125
0 0.1875 0.5703125 0.0375 0.04375
0 0.128125 0.79375 0.04375 0.04375
0 0.1890625 0.55625 0.0421875 0.0453125
0 0.9859375 0.40859375 0.028125 0.0171875