0 0.4640625 0.55390625 0.13125 0.1109375
0 0.3 0.275 0.040625 0.04375
0 0.6359375 0.2921875 0.203125 0.203125
0 0.721875 0.01015625 0.071875 0.0203125
0 0.7125 0.040625 0.071875 0.08125
0 0.57265625 0.3921875 0.0859375 0.128125
0 0.6578125 0.2234375 0.06875 0.06875
0 0.6984375 0.1359375 0.090625 0.15625
0 0.9484375 0.2328125 0.103125 0.265625
0 0.90625 0.3734375 0.0953125 0.0953125
0 0.8015625 0.3234375 0.0640625 0.0640625
0 0.778125 0.0328125 0.071875 0.065625
0 0.9015625 0.5984375 0.065625 0.021875
0 0.4859375 0.7203125 0.053125 0.053125
0 0.4453125 0.8890625 0.040625 0.046875
0 0.5046875 0.665625 0.04375 0.05
0 0.44375 0.903125 0.04375 0.04375
0 0.6875 0.61953125 0.1125 0.0203125
0 0.815625 0.64375 0.1 0.06875