0 0.46171875 0.39375 0.0140625 0.05625
0 0.321875 0.41875 0.03125 0.03125
0 0.21875 0.05390625 0.125 0.1078125
0 0.31171875 0.2875 0.3140625 0.321875
0 0.3203125 0.03828125 0.090625 0.0765625
0 0.8265625 0.09765625 0.0625 0.1953125
0 0.48984375 0.4328125 0.0421875 0.09375
0 0.509375 0.128125 0.08125 0.08125
0 0.4375 0.6796875 0.040625 0.05
0 0.175 0.9875 0.096875 0.025
0 0.0375 0.9859375 0.0625 0.028125
0 0.44375 0.98125 0.028125 0.0375
0 0.2828125 0.6234375 0.0265625 0.053125
0 0.2234375 0.809375 0.0296875 0.04375
0 0.5859375 0.8171875 0.06875 0.065625
0 0.52421875 0.68125 0.1109375 0.19375
0 0.5109375 0.6828125 0.078125 0.078125