0 0.5578125 0.0828125 0.0625 0.078125
0 0.1890625 0.89375 0.08125 0.08125
0 0.15625 0.90625 0.13125 0.13125
0 0.1046875 0.815625 0.109375 0.11875
0 0.01953125 0.71484375 0.0390625 0.0515625
0 0.35 0.51875 0.0375 0.0640625
0 0.4046875 0.625 0.04375 0.04375
0 0.6875 0.5265625 0.046875 0.103125
0 0.96796875 0.5703125 0.0640625 0.071875
0 0.8875 0.95703125 0.09375 0.0859375
0 0.903125 0.8640625 0.05625 0.059375
0 0.74375 0.6578125 0.046875 0.0484375
0 0.840625 0.5046875 0.1640625 0.0859375
0 0.7203125 0.828125 0.025 0.078125