0 0.2265625 0.434375 0.046875 0.096875
0 0.2046875 0.184375 0.04375 0.06875
0 0.565625 0.0984375 0.109375 0.109375
0 0.5875 0.353125 0.046875 0.0453125
0 0.584375 0.3734375 0.0921875 0.096875
0 0.90078125 0.96796875 0.0796875 0.0640625
0 0.4859375 0.82109375 0.053125 0.0796875
0 0.46953125 0.94296875 0.0203125 0.0515625
0 0.546875 0.59453125 0.090625 0.0515625
0 0.5140625 0.6796875 0.090625 0.0890625
0 0.48203125 0.80546875 0.0453125 0.0515625
0 0.6203125 0.628125 0.0765625 0.0859375
0 0.48984375 0.771875 0.0609375 0.1125