0 0.2859375 0.0921875 0.053125 0.05625
0 0.1265625 0.35 0.0421875 0.0421875
0 0.0375 0.265625 0.0359375 0.0421875
0 0.0125 0.11875 0.025 0.05625
0 0.075 0.16875 0.0546875 0.046875
0 0.16875 0.28125 0.0421875 0.0390625
0 0.08125 0.4359375 0.0390625 0.0390625
0 0.596875 0.075 0.059375 0.05625
0 0.525 0.1546875 0.071875 0.071875
0 0.1328125 0.440625 0.0359375 0.0296875
0 0.59375 0.103125 0.0921875 0.0921875
0 0.0125 0.1890625 0.025 0.053125
0 0.51875 0.090625 0.0625 0.0625
0 0.35 0.10625 0.059375 0.059375
0 0.759375 0.203125 0.08125 0.1125
0 0.75546875 0.05625 0.0765625 0.1125
0 0.575 0.9703125 0.1 0.059375
0 0.3265625 0.9890625 0.065625 0.021875
0 0.725 0.75625 0.0109375 0.059375
0 0.809375 0.965625 0.0625 0.059375