0 0.0140625 0.184375 0.028125 0.046875
0 0.009375 0.2765625 0.01875 0.05
0 0.940625 0.153125 0.090625 0.0875
0 0.8375 0.3546875 0.05 0.05625
0 0.9609375 0.30390625 0.078125 0.1328125
0 0.8609375 0.05546875 0.084375 0.1109375
0 0.8375 0.4671875 0.03125 0.0328125
0 0.9046875 0.440625 0.034375 0.0359375
0 0.2078125 0.70625 0.025 0.08125
0 0.1890625 0.79375 0.05625 0.06875
0 0.1953125 0.628125 0.04375 0.04375
0 0.246875 0.81875 0.0625 0.0765625
0 0.2375 0.8875 0.0390625 0.0421875
0 0.8125 0.678125 0.071875 0.05