0 0.8671875 0.328125 0.053125 0.0765625
0 0.5390625 0.4125 0.040625 0.0640625
0 0.45625 0.390625 0.0453125 0.0234375
0 0.125 0.5828125 0.2484375 0.38125
0 0.4984375 0.6546875 0.05625 0.08125
0 0.496875 0.503125 0.078125 0.078125
0 0.5125 0.65625 0.065625 0.0890625
0 0.546875 0.96875 0.0265625 0.0359375
0 0.128125 0.903125 0.08125 0.1203125
0 0.6203125 0.79296875 0.121875 0.4140625
0 0.89375 0.609375 0.0921875 0.0953125
0 0.84375 0.4125 0.08125 0.065625
0 0.95625 0.590625 0.0421875 0.0421875
0 0.9203125 0.78125 0.075 0.0875