0 0.6328125 0.140625 0.0609375 0.0640625
0 0.2671875 0.5625 0.0671875 0.0671875
0 0.621875 0.4765625 0.0515625 0.059375
0 0.56875 0.0953125 0.0390625 0.0390625
0 0.2828125 0.3046875 0.0453125 0.040625
0 0.1875 0.55 0.0390625 0.0390625
0 0.190625 0.565625 0.0609375 0.0609375
0 0.3671875 0.5203125 0.0546875 0.05625
0 0.9921875 0.090625 0.015625 0.0578125
0 0.046875 0.728125 0.0859375 0.0640625
0 0.253125 0.61875 0.0546875 0.01875
0 0.83125 0.7875 0.1421875 0.19375
0 0.81875 0.6171875 0.0578125 0.015625
0 0.821875 0.765625 0.1234375 0.3109375