0 0.028125 0.228125 0.04375 0.04375
0 0.0296875 0.6 0.03125 0.0375
0 0.42421875 0.471875 0.0703125 0.103125
0 0.303125 0.290625 0.0875 0.090625
0 0.275 0.3125 0.075 0.075
0 0.271875 0.2640625 0.0875 0.0875
0 0.06875 0.59296875 0.053125 0.0515625
0 0.5515625 0.5734375 0.115625 0.090625
0 0.79375 0.2078125 0.10625 0.109375
0 0.784375 0.2875 0.071875 0.071875
0 0.0890625 0.7578125 0.059375 0.0625
0 0.3671875 0.6765625 0.059375 0.0625
0 0.53203125 0.7171875 0.1453125 0.0625
0 0.5921875 0.7140625 0.05625 0.05625
0 0.5671875 0.978125 0.090625 0.04375