0 0.50625 0.290625 0.0875 0.0875
0 0.3140625 0.453125 0.053125 0.0296875
0 0.44375 0.2375 0.0484375 0.0484375
0 0.459375 0.23125 0.075 0.075
0 0.5359375 0.396875 0.06875 0.06875
0 0.628125 0.209375 0.0359375 0.084375
0 0.765625 0.44375 0.125 0.0515625
0 0.7828125 0.390625 0.0921875 0.0921875
0 0.703125 0.4546875 0.071875 0.028125
0 0.7046875 0.315625 0.084375 0.0828125
0 0.625 0.221875 0.0296875 0.05
0 0.8234375 0.309375 0.090625 0.090625
0 0.65 0.246875 0.0796875 0.09375
0 0.053125 0.484375 0.0390625 0.0328125
0 0.5578125 0.865625 0.103125 0.103125
0 0.3765625 0.728125 0.0859375 0.0859375
0 0.3984375 0.7 0.0734375 0.071875
0 0.35 0.696875 0.084375 0.084375
0 0.75 0.5125 0.0796875 0.0796875
0 0.6953125 0.49375 0.084375 0.0515625
0 0.97734375 0.77109375 0.0453125 0.1109375