0 0.1171875 0.5359375 0.06875 0.071875
0 0.1015625 0.278125 0.046875 0.046875
0 0.196875 0.5234375 0.0375 0.0375
0 0.19375 0.5390625 0.065625 0.065625
0 0.0234375 0.49375 0.046875 0.05625
0 0.13125 0.590625 0.05625 0.01875
0 0.975 0.01875 0.05 0.0375
0 0.98515625 0.51875 0.0296875 0.046875
0 0.56875 0.58515625 0.04375 0.0296875
0 0.975 0.2203125 0.0359375 0.0296875
0 0.8453125 0.4140625 0.0984375 0.0515625
0 0.490625 0.934375 0.090625 0.090625
0 0.415625 0.865625 0.053125 0.053125
0 0.678125 0.7609375 0.078125 0.075
0 0.5453125 0.834375 0.115625 0.115625
0 0.6875 0.7734375 0.09375 0.096875
0 0.975 0.646875 0.040625 0.0375