0 0.15625 0.3765625 0.03125 0.16875
0 0.3625 0.3015625 0.03125 0.03125
0 0.4625 0.540625 0.0125 0.04375
0 0.10625 0.028125 0.05 0.053125
0 0.2296875 0.1671875 0.084375 0.084375
0 0.97890625 0.3078125 0.0421875 0.04375
0 0.83125 0.409375 0.06875 0.06875
0 0.8515625 0.68984375 0.071875 0.0203125
0 0.8078125 0.521875 0.065625 0.065625
0 0.0359375 0.98671875 0.0375 0.0265625
0 0.2140625 0.7265625 0.075 0.053125
0 0.5984375 0.7640625 0.0375 0.0375
0 0.596875 0.9203125 0.059375 0.059375
0 0.6390625 0.7359375 0.04375 0.04375
0 0.5890625 0.9390625 0.05625 0.05625