0 0.18671875 0.009375 0.0421875 0.01875
0 0.23125 0.2921875 0.04375 0.0453125
0 0.596875 0.403125 0.025 0.16875
0 0.1484375 0.246875 0.0484375 0.059375
0 0.803125 0.478125 0.0328125 0.0328125
0 0.91875 0.2390625 0.0421875 0.0421875
0 0.93125 0.371875 0.053125 0.06875
0 0.3671875 0.5953125 0.0578125 0.0578125
0 0.309375 0.5234375 0.0578125 0.046875
0 0.546875 0.7515625 0.05 0.053125
0 0.46875 0.9015625 0.0671875 0.065625
0 0.6703125 0.6125 0.078125 0.078125
0 0.928125 0.68125 0.0578125 0.0578125
0 0.975 0.546875 0.05 0.0640625
0 0.934375 0.5953125 0.04375 0.034375