0 0.5234375 0.16875 0.03125 0.034375
0 0.1375 0.10546875 0.078125 0.2109375
0 0.91875 0.3734375 0.065625 0.065625
0 0.60625 0.5265625 0.05 0.05
0 0.365625 0.759375 0.0875 0.0625
0 0.0734375 0.7296875 0.028125 0.028125
0 0.57109375 0.7953125 0.0171875 0.040625
0 0.10625 0.909375 0.0328125 0.0328125
0 0.446875 0.76875 0.0265625 0.0265625
0 0.0375 0.865625 0.0703125 0.0578125
0 0.3984375 0.628125 0.0609375 0.05
0 0.4328125 0.70625 0.0671875 0.0796875
0 0.6875 0.6203125 0.034375 0.01875
0 0.88125 0.98515625 0.0375 0.0296875
0 0.6703125 0.7375 0.05 0.115625