0 0.1234375 0.109375 0.0375 0.0375
0 0.38125 0.1265625 0.034375 0.034375
0 0.353125 0.11875 0.059375 0.059375
0 0.7546875 0.1109375 0.0265625 0.0375
0 0.91875 0.2828125 0.0453125 0.084375
0 0.15 0.90625 0.04375 0.05
0 0.090625 0.8671875 0.03125 0.03125
0 0.44375 0.73203125 0.0125 0.0578125
0 0.421875 0.53125 0.0484375 0.0375
0 0.0765625 0.50625 0.03125 0.0296875
0 0.203125 0.6546875 0.0234375 0.0203125
0 0.403125 0.6609375 0.0265625 0.0265625
0 0.371875 0.5078125 0.0390625 0.04375
0 0.3984375 0.5328125 0.0921875 0.0453125
0 0.44375 0.74765625 0.0125 0.0296875
0 0.49296875 0.98984375 0.0859375 0.0203125
0 0.65625 0.5765625 0.040625 0.040625
0 0.9828125 0.79296875 0.034375 0.0546875
0 0.7734375 0.659375 0.046875 0.0265625