0 0.2484375 0.38125 0.05 0.025
0 0.503125 0.16796875 0.128125 0.3359375
0 0.6734375 0.0109375 0.034375 0.021875
0 0.85625 0.0234375 0.040625 0.040625
0 0.65078125 0.04453125 0.1046875 0.0890625
0 0.3296875 0.5890625 0.025 0.025
0 0.2171875 0.534375 0.0625 0.0625
0 0.4203125 0.4671875 0.03125 0.028125
0 0.02265625 0.475 0.0453125 0.15
0 0.7015625 0.9265625 0.05 0.05
0 0.8015625 0.925 0.04375 0.046875
0 0.7203125 0.725 0.040625 0.040625
0 0.8296875 0.725 0.05 0.015625
0 0.9078125 0.6140625 0.046875 0.053125