0 0.0890625 0.3625 0.05625 0.053125
0 0.04140625 0.371875 0.0609375 0.034375
0 0.11875 0.34609375 0.128125 0.0859375
0 0.01171875 0.334375 0.0234375 0.09375
0 0.696875 0.1703125 0.09375 0.09375
0 0.5125 0.0328125 0.140625 0.065625
0 0.48125 0.184375 0.125 0.215625
0 0.35625 0.80625 0.121875 0.3875
0 0.0828125 0.6359375 0.0921875 0.0953125
0 0.1328125 0.4390625 0.08125 0.065625
0 0.0203125 0.61640625 0.040625 0.0421875
0 0.05625 0.8078125 0.075 0.0875
0 0.9375 0.40703125 0.065625 0.0359375
0 0.565625 0.5546875 0.128125 0.128125