0 0.2453125 0.384375 0.0625 0.084375
0 0.215625 0.0921875 0.028125 0.028125
0 0.3953125 0.125 0.03125 0.03125
0 0.2546875 0.465625 0.025 0.025
0 0.3515625 0.05625 0.065625 0.065625
0 0.1140625 0.4171875 0.05625 0.05625
0 0.1921875 0.4515625 0.071875 0.075
0 0.7671875 0.0578125 0.06875 0.065625
0 0.41875 0.75625 0.0625 0.065625
0 0.42265625 0.7671875 0.0546875 0.096875
0 0.8015625 0.5546875 0.071875 0.03125
0 0.97734375 0.6734375 0.0453125 0.0875
0 0.76875 0.984375 0.040625 0.03125
0 0.85625 0.9265625 0.084375 0.084375