0 0.3421875 0.00625 0.071875 0.0125
0 0.04296875 0.3765625 0.0859375 0.0875
0 0.1390625 0.4171875 0.0625 0.0625
0 0.03046875 0.1890625 0.0609375 0.1
0 0.09765625 0.2078125 0.1953125 0.20625
0 0.465625 0.41796875 0.071875 0.1234375
0 0.5984375 0.1875 0.090625 0.090625
0 0.7515625 0.209375 0.0375 0.06875
0 0.8703125 0.140625 0.065625 0.065625
0 0.8625 0.66875 0.0625 0.0625
0 0.7671875 0.49140625 0.05 0.0234375
0 0.8578125 0.5890625 0.053125 0.053125
0 0.9234375 0.515625 0.040625 0.040625
0 0.8546875 0.50234375 0.053125 0.0453125