0 0.3625 0.2015625 0.0390625 0.0515625
0 0.3484375 0.375 0.0375 0.0875
0 0.3578125 0.484375 0.1046875 0.0953125
0 0.04375 0.890625 0.0640625 0.0296875
0 0.33125 0.5984375 0.0296875 0.0421875
0 0.3609375 0.73125 0.0375 0.075
0 0.0890625 0.5484375 0.0359375 0.03125
0 0.0890625 0.4515625 0.0296875 0.0328125
0 0.73125 0.8515625 0.0484375 0.0328125
0 0.8828125 0.7375 0.053125 0.028125
0 0.09375 0.16875 0.040625 0.0328125
0 0.5546875 0.815625 0.053125 0.0359375
0 0.0875 0.753125 0.0375 0.03125
0 0.3734375 0.84375 0.0890625 0.1109375
0 0.975 0.8828125 0.05 0.046875
0 0.303125 0.10625 0.0453125 0.0234375
0 0.7125 0.6578125 0.05 0.0328125