0 0.640625 0.59140625 0.01875 0.0640625
0 0.02109375 0.3203125 0.0421875 0.071875
0 0.7625 0.4796875 0.046875 0.03125
0 0.7375 0.559375 0.078125 0.078125
0 0.984375 0.2921875 0.03125 0.065625
0 0.8484375 0.02890625 0.134375 0.0578125
0 0.8953125 0.240625 0.059375 0.059375
0 0.9484375 0.1859375 0.0421875 0.0421875
0 0.60625 0.9328125 0.0875 0.084375
0 0.4015625 0.990625 0.078125 0.01875
0 0.4984375 0.96015625 0.075 0.0796875
0 0.46875 0.878125 0.0484375 0.0578125
0 0.9 0.765625 0.05625 0.05
0 0.9859375 0.8 0.028125 0.05
0 0.99140625 0.75078125 0.0171875 0.0234375
0 0.828125 0.7625 0.040625 0.0359375