0 0.2078125 0.0203125 0.034375 0.034375
0 0.959375 0.0296875 0.065625 0.059375
0 0.3078125 0.25 0.015625 0.034375
0 0.94375 0.1171875 0.03125 0.034375
0 0.96171875 0.0359375 0.0765625 0.071875
0 0.1421875 0.48046875 0.053125 0.0421875
0 0.234375 0.9390625 0.046875 0.034375
0 0.2453125 0.8875 0.071875 0.15
0 0.28359375 0.55703125 0.0328125 0.0578125
0 0.15 0.525 0.0875 0.0546875
0 0.6765625 0.6609375 0.08125 0.021875
0 0.7640625 0.6796875 0.06875 0.05625
0 0.5984375 0.6734375 0.04375 0.04375
0 0.7890625 0.621875 0.0765625 0.0625
0 0.8578125 0.63125 0.0421875 0.0390625