0 0.3671875 0.253125 0.071875 0.071875
0 0.0125 0.3375 0.025 0.096875
0 0.3265625 0.146875 0.05625 0.05625
0 0.1921875 0.0296875 0.078125 0.059375
0 0.0734375 0.321875 0.059375 0.059375
0 0.2796875 0.47265625 0.05 0.0328125
0 0.4328125 0.384375 0.090625 0.1625
0 0.64765625 0.1703125 0.1046875 0.10625
0 0.81796875 0.44375 0.2359375 0.090625
0 0.83125 0.2703125 0.059375 0.0625
0 0.8984375 0.1328125 0.0625 0.059375
0 0.31875 0.99140625 0.08125 0.0171875
0 0.0390625 0.86875 0.034375 0.025
0 0.328125 0.7578125 0.0875 0.053125
0 0.6140625 0.77578125 0.171875 0.1171875
0 0.0625 0.728125 0.05625 0.05625
0 0.8890625 0.8046875 0.078125 0.078125