0 0.00859375 0.4109375 0.0171875 0.075
0 0.2796875 0.38671875 0.18125 0.1265625
0 0.09375 0.02265625 0.090625 0.0453125
0 0.5796875 0.02421875 0.059375 0.0484375
0 0.8203125 0.34375 0.06875 0.071875
0 0.821875 0.125 0.05625 0.0734375
0 0.903125 0.2078125 0.0625 0.0859375
0 0.778125 0.2046875 0.071875 0.071875
0 0.01328125 0.853125 0.0265625 0.090625
0 0.0890625 0.8203125 0.121875 0.121875
0 0.071875 0.7078125 0.10625 0.10625
0 0.8 0.515625 0.071875 0.071875
0 0.98359375 0.6859375 0.0328125 0.04375