0 0.303125 0.096875 0.05 0.05
0 0.01015625 0.46171875 0.0203125 0.0140625
0 0.0578125 0.084375 0.053125 0.03125
0 0.140625 0.0796875 0.05 0.05
0 0.9453125 0.2578125 0.065625 0.065625
0 0.47734375 0.165625 0.0171875 0.046875
0 0.5234375 0.1546875 0.109375 0.115625
0 0.978125 0.1125 0.03125 0.03125
0 0.85 0.103125 0.059375 0.059375
0 0.8828125 0.25 0.075 0.075
0 0.3265625 0.7390625 0.0625 0.040625
0 0.3953125 0.74375 0.04375 0.04375
0 0.0578125 0.74375 0.0375 0.0375
0 0.3578125 0.703125 0.046875 0.046875
0 0.79375 0.9140625 0.0625 0.034375
0 0.7 0.7921875 0.05 0.05