0 0.48828125 0.115625 0.0609375 0.121875
0 0.4921875 0.3921875 0.046875 0.20625
0 0.6859375 0.2515625 0.06875 0.065625
0 0.9859375 0.1546875 0.028125 0.053125
0 0.65 0.2359375 0.025 0.06875
0 0.63125 0.0953125 0.0203125 0.0953125
0 0.04375 0.590625 0.03125 0.03125
0 0.16875 0.51484375 0.06875 0.0296875
0 0.98828125 0.878125 0.0234375 0.0125
0 0.7234375 0.575 0.053125 0.053125
0 0.7140625 0.815625 0.0765625 0.0546875
0 0.8484375 0.846875 0.184375 0.078125
0 0.5359375 0.65078125 0.034375 0.0546875
0 0.6375 0.63125 0.025 0.040625