0 0.1734375 0.0328125 0.0875 0.065625
0 0.04375 0.20625 0.0875 0.090625
0 0.02421875 0.034375 0.0484375 0.06875
0 0.01484375 0.0546875 0.0296875 0.109375
0 0.9 0.1484375 0.0625 0.0625
0 0.603125 0.3921875 0.05625 0.08125
0 0.6484375 0.1 0.053125 0.05625
0 0.85625 0.2484375 0.046875 0.046875
0 0.6515625 0.00625 0.05 0.0125
0 0.6125 0.490625 0.0375 0.01875
0 0.8421875 0.340625 0.028125 0.040625
0 0.575 0.209375 0.053125 0.071875
0 0.078125 0.73125 0.1 0.071875
0 0.9453125 0.9796875 0.046875 0.040625
0 0.8703125 0.8609375 0.05625 0.05625
0 0.665625 0.7140625 0.075 0.375
0 0.925 0.9 0.040625 0.028125