0 0.65625 0.6640625 0.13125 0.0859375
0 0.6234375 0.8625 0.053125 0.05
0 0.359375 0.5140625 0.0796875 0.0453125
0 0.875 0.51875 0.121875 0.1234375
0 0.8484375 0.465625 0.0671875 0.034375
0 0.3703125 0.5328125 0.0953125 0.0828125
0 0.8515625 0.4984375 0.078125 0.0921875
0 0.4203125 0.78125 0.065625 0.034375
0 0.8265625 0.684375 0.059375 0.18125
0 0.59375 0.628125 0.0453125 0.0359375
0 0.4671875 0.8875 0.078125 0.0359375
0 0.91875 0.5484375 0.046875 0.053125
0 0.509375 0.7703125 0.0546875 0.0546875
0 0.4796875 0.6140625 0.1125 0.0921875