0 0.0359375 0.18125 0.071875 0.0796875
0 0.7734375 0.19375 0.0359375 0.046875
0 0.165625 0.4265625 0.0390625 0.0421875
0 0.0796875 0.3984375 0.05625 0.05625
0 0.415625 0.61875 0.025 0.0265625
0 0.425 0.825 0.0265625 0.0296875
0 0.275 0.340625 0.025 0.0234375
0 0.0921875 0.5953125 0.025 0.0453125
0 0.2953125 0.75 0.0203125 0.01875
0 0.3875 0.878125 0.0234375 0.021875
0 0.3375 0.890625 0.025 0.0296875
0 0.528125 0.7109375 0.090625 0.09375
0 0.95625 0.946875 0.0765625 0.0796875
0 0.8375 0.51875 0.0484375 0.0390625