0 0.26875 0.1953125 0.05 0.05
0 0.31875 0.0609375 0.046875 0.046875
0 0.071875 0.0859375 0.0875 0.0875
0 0.07890625 0.0515625 0.1578125 0.103125
0 0.5328125 0.41796875 0.08125 0.0234375
0 0.9015625 0.06875 0.059375 0.059375
0 0.271875 0.853125 0.071875 0.071875
0 0.38046875 0.9578125 0.0578125 0.078125
0 0.209375 0.934375 0.09375 0.09375
0 0.29375 0.740625 0.071875 0.1
0 0.309375 0.553125 0.0484375 0.0328125
0 0.046875 0.540625 0.04375 0.0421875
0 0.1859375 0.5515625 0.04375 0.0375
0 0.7328125 0.7765625 0.028125 0.028125
0 0.7296875 0.484375 0.034375 0.034375
0 0.6546875 0.5421875 0.040625 0.040625