0 0.1828125 0.18125 0.24375 0.24375
0 0.3078125 0.3 0.121875 0.121875
0 0.47109375 0.38203125 0.1234375 0.1734375
0 0.61875 0.43125 0.075 0.075
0 0.51328125 0.3140625 0.2078125 0.309375
0 0.8328125 0.4546875 0.071875 0.028125
0 0.46875 0.121875 0.11875 0.1125
0 0.9484375 0.096875 0.0625 0.0625
0 0.9 0.1890625 0.025 0.034375
0 0.2984375 0.8953125 0.109375 0.109375
0 0.6 0.83125 0.046875 0.046875
0 0.65625 0.9328125 0.0875 0.0875
0 0.45625 0.9046875 0.0625 0.0625
0 0.559375 0.921875 0.046875 0.046875
0 0.9453125 0.8234375 0.059375 0.0546875
0 0.4828125 0.8359375 0.0296875 0.0328125
0 0.6703125 0.828125 0.0265625 0.0328125