0 0.0890625 0.03359375 0.10625 0.0671875
0 0.4015625 0.1046875 0.034375 0.034375
0 0.8515625 0.0296875 0.0546875 0.05625
0 0.4546875 0.5390625 0.059375 0.059375
0 0.2515625 0.490625 0.04375 0.04375
0 0.56640625 0.409375 0.0859375 0.09375
0 0.2984375 0.4453125 0.04375 0.046875
0 0.5859375 0.4953125 0.04375 0.0625
0 0.4578125 0.384375 0.0359375 0.0390625
0 0.5453125 0.9734375 0.0625 0.053125
0 0.2484375 0.9125 0.04375 0.0546875
0 0.596875 0.6640625 0.025 0.05625
0 0.6203125 0.9640625 0.021875 0.06875
0 0.9546875 0.96875 0.071875 0.0625
0 0.9796875 0.24375 0.040625 0.053125
0 0.796875 0.19765625 0.046875 0.0171875
0 0.8765625 0.9125 0.04375 0.040625
0 0.85625 0.9546875 0.0640625 0.0703125
0 0.98125 0.2296875 0.0375 0.08125
0 0.62890625 0.73515625 0.0390625 0.0515625