0 0.1875 0.365625 0.0625 0.0625
0 0.484375 0.228125 0.053125 0.05625
0 0.1234375 0.359375 0.034375 0.08125
0 0.2390625 0.075 0.034375 0.034375
0 0.74375 0.3390625 0.109375 0.071875
0 0.14375 0.6953125 0.05625 0.05625
0 0.4015625 0.6703125 0.034375 0.034375
0 0.1453125 0.6140625 0.034375 0.034375
0 0.1296875 0.6203125 0.05625 0.05
0 0.2015625 0.7875 0.04375 0.040625
0 0.69375 0.521875 0.065625 0.065625
0 0.6015625 0.98828125 0.04375 0.0234375
0 0.59609375 0.934375 0.0734375 0.13125
0 0.6859375 0.584375 0.0875 0.0546875