0 0.0609375 0.059375 0.078125 0.078125
0 0.040625 0.15 0.0375 0.0375
0 0.253125 0.321875 0.0375 0.13125
0 0.5375 0.1546875 0.05 0.046875
0 0.6484375 0.5203125 0.096875 0.096875
0 0.4921875 0.071875 0.0625 0.05
0 0.840625 0.290625 0.0578125 0.0578125
0 0.76875 0.2328125 0.046875 0.0578125
0 0.98515625 0.4703125 0.0296875 0.05
0 0.8578125 0.59375 0.078125 0.078125
0 0.378125 0.9828125 0.0296875 0.0296875
0 0.4640625 0.709375 0.090625 0.1
0 0.95703125 0.796875 0.0859375 0.0875
0 0.96875 0.878125 0.0359375 0.0359375