0 0.38046875 0.2359375 0.0171875 0.040625
0 0.2171875 0.24375 0.05 0.10625
0 0.896875 0.0625 0.0875 0.0875
0 0.878125 0.065625 0.053125 0.053125
0 0.6921875 0.0078125 0.06875 0.015625
0 0.515625 0.30625 0.053125 0.053125
0 0.246875 0.778125 0.053125 0.053125
0 0.1375 0.7578125 0.05 0.05
0 0.3390625 0.8453125 0.05625 0.059375
0 0.1125 0.84375 0.065625 0.04375
0 0.2359375 0.8546875 0.040625 0.040625
0 0.753125 0.6265625 0.084375 0.08125
0 0.4875 0.6359375 0.05625 0.0875
0 0.5046875 0.93515625 0.175 0.1296875