0 0.609375 0.7984375 0.05 0.0453125
0 0.3296875 0.4109375 0.046875 0.040625
0 0.36875 0.3515625 0.034375 0.0296875
0 0.0328125 0.1890625 0.03125 0.034375
0 0.2640625 0.1875 0.0296875 0.0265625
0 0.015625 0.621875 0.0296875 0.028125
0 0.74375 0.1125 0.0375 0.0375
0 0.353125 0.821875 0.025 0.025
0 0.503125 0.728125 0.0578125 0.0578125
0 0.740625 0.18125 0.03125 0.0296875
0 0.7046875 0.6828125 0.0375 0.0484375
0 0.7296875 0.3375 0.0296875 0.03125
0 0.58125 0.4640625 0.0203125 0.0234375
0 0.175 0.8390625 0.1109375 0.046875
0 0.575 0.6640625 0.0265625 0.0265625
0 0.728125 0.6328125 0.04375 0.0390625
0 0.0265625 0.359375 0.053125 0.0703125
0 0.684375 0.8828125 0.0484375 0.04375
0 0.703125 0.659375 0.0453125 0.0921875
0 0.521875 0.74375 0.03125 0.025
0 0.6859375 0.8921875 0.040625 0.0265625
0 0.4875 0.715625 0.0296875 0.0328125
0 0.0609375 0.8984375 0.034375 0.015625