0 0.7015625 0.73125 0.06875 0.071875
0 0.659375 0.8265625 0.075 0.025
0 0.5671875 0.6671875 0.0625 0.0625
0 0.5796875 0.796875 0.0390625 0.040625
0 0.5125 0.65625 0.053125 0.053125
0 0.74921875 0.6375 0.0390625 0.071875
0 0.5453125 0.6734375 0.09375 0.09375
0 0.6703125 0.8234375 0.04375 0.03125
0 0.759375 0.634375 0.01875 0.05
0 0.7546875 0.01328125 0.028125 0.0265625
0 0.7046875 0.02265625 0.05625 0.0453125
0 0.72265625 0.02734375 0.0921875 0.0546875
0 0.0546875 0.0671875 0.084375 0.084375
0 0.19375 0.00703125 0.053125 0.0140625
0 0.434375 0.0234375 0.084375 0.046875
0 0.8046875 0.3609375 0.071875 0.096875
0 0.70625 0.9921875 0.071875 0.015625
0 0.709375 0.984375 0.040625 0.03125