0 0.196875 0.1890625 0.06875 0.06875
0 0.2390625 0.06875 0.071875 0.071875
0 0.33125 0.253125 0.0609375 0.0609375
0 0.31875 0.1234375 0.0375 0.0375
0 0.3859375 0.2640625 0.053125 0.053125
0 0.1328125 0.2828125 0.065625 0.0671875
0 0.353125 0.246875 0.103125 0.071875
0 0.228125 0.090625 0.0421875 0.0421875
0 0.1234375 0.2859375 0.05 0.05
0 0.246875 0.05 0.0375 0.0375
0 0.78125 0.04375 0.06875 0.06875
0 0.134375 0.9171875 0.0453125 0.0421875
0 0.19375 0.903125 0.05625 0.05625
0 0.175 0.9125 0.1171875 0.0578125
0 0.84375 0.853125 0.0796875 0.0796875
0 0.7046875 0.934375 0.053125 0.053125
0 0.4640625 0.915625 0.06875 0.090625