0 0.309375 0.5734375 0.0421875 0.0421875
0 0.3 0.396875 0.0890625 0.0890625
0 0.3421875 0.196875 0.034375 0.0640625
0 0.0671875 0.015625 0.046875 0.03125
0 0.10625 0.2 0.034375 0.034375
0 0.2375 0.6953125 0.1109375 0.028125
0 0.278125 0.303125 0.0421875 0.0421875
0 0.325 0.153125 0.065625 0.0671875
0 0.31875 0.1875 0.0828125 0.1078125
0 0.321875 0.3875 0.046875 0.046875
0 0.28125 0.4046875 0.0421875 0.0421875
0 0.709375 0.6671875 0.1015625 0.084375
0 0.365625 0.2953125 0.0125 0.046875
0 0.909375 0.59375 0.0890625 0.09375
0 0.728125 0.0984375 0.0578125 0.05625