0 0.290625 0.2734375 0.03125 0.034375
0 0.6640625 0.2609375 0.0765625 0.0765625
0 0.5546875 0.21875 0.053125 0.065625
0 0.721875 0.2359375 0.040625 0.0453125
0 0.65625 0.9484375 0.040625 0.040625
0 0.5953125 0.971875 0.071875 0.05625
0 0.5875 0.9828125 0.04375 0.034375
0 0.71875 0.8375 0.0515625 0.0515625
0 0.684375 0.5421875 0.0515625 0.0515625
0 0.6390625 0.46484375 0.075 0.0703125
0 0.921875 0.7453125 0.03125 0.03125
0 0.6234375 0.6671875 0.0359375 0.0359375
0 0.83359375 0.4390625 0.0484375 0.01875
0 0.55 0.6265625 0.028125 0.028125