0 0.321875 0.2703125 0.0625 0.0625
0 0.8828125 0.3953125 0.05625 0.059375
0 0.6671875 0.371875 0.096875 0.046875
0 0.6984375 0.3703125 0.0328125 0.0265625
0 0.6453125 0.36875 0.05 0.0296875
0 0.140625 0.5109375 0.1 0.04375
0 0.1296875 0.5703125 0.04375 0.046875
0 0.1625 0.5140625 0.0375 0.034375
0 0.10625 0.828125 0.0578125 0.0515625
0 0.6171875 0.8921875 0.04375 0.04375
0 0.834375 0.90625 0.04375 0.034375
0 0.7578125 0.9125 0.05 0.05
0 0.7703125 0.9109375 0.0359375 0.03125
0 0.925 0.7203125 0.0265625 0.053125
0 0.865625 0.534375 0.0296875 0.04375