0 0.165625 0.64375 0.084375 0.071875
0 0.9171875 0.621875 0.065625 0.065625
0 0.759375 0.653125 0.053125 0.05625
0 0.6796875 0.6296875 0.0375 0.040625
0 0.6546875 0.0296875 0.04375 0.046875
0 0.828125 0.2796875 0.034375 0.040625
0 0.9125 0.1890625 0.03125 0.040625
0 0.94375 0.0421875 0.046875 0.05
0 0.8703125 0.0953125 0.0484375 0.0421875
0 0.78125 0.2125 0.0359375 0.0359375
0 0.8765625 0.3625 0.03125 0.0375
0 0.803125 0.603125 0.025 0.0390625
0 0.43125 0.10390625 0.04375 0.0578125
0 0.8265625 0.3703125 0.0328125 0.0234375
0 0.946875 0.1125 0.0390625 0.046875
0 0.4328125 0.040625 0.046875 0.040625
0 0.5921875 0.0484375 0.03125 0.0671875
0 0.14375 0.7671875 0.0375 0.040625
0 0.1890625 0.8140625 0.040625 0.040625
0 0.1671875 0.7921875 0.096875 0.1
0 0.840625 0.9671875 0.071875 0.065625
0 0.6296875 0.7140625 0.0375 0.0375