0 0.04296875 0.0875 0.0859375 0.115625
0 0.51171875 0.228125 0.0140625 0.0625
0 0.875 0.1875 0.05 0.053125
0 0.6578125 0.2453125 0.078125 0.06875
0 0.98046875 0.1671875 0.0390625 0.046875
0 0.7828125 0.2546875 0.05625 0.059375
0 0.990625 0.253125 0.01875 0.053125
0 0.8859375 0.2640625 0.04375 0.04375
0 0.540625 0.16328125 0.04375 0.0515625
0 0.078125 0.98125 0.040625 0.0375
0 0.009375 0.9 0.01875 0.084375
0 0.040625 0.9265625 0.05 0.05
0 0.56875 0.675 0.06875 0.06875
0 0.66875 0.61875 0.05625 0.05625
0 0.903125 0.9921875 0.046875 0.015625