0 0.109375 0.446875 0.090625 0.090625
0 0.1046875 0.4703125 0.053125 0.05625
0 0.296875 0.5046875 0.065625 0.065625
0 0.49375 0.0234375 0.078125 0.046875
0 0.4234375 0.2453125 0.084375 0.08125
0 0.52421875 0.26875 0.0515625 0.028125
0 0.45625 0.15 0.09375 0.09375
0 0.490625 0.025 0.053125 0.05
0 0.35 0.2015625 0.078125 0.090625
0 0.48125 0.0578125 0.06875 0.115625
0 0.9734375 0.00703125 0.053125 0.0140625
0 0.7328125 0.02578125 0.06875 0.0515625
0 0.46875 0.7625 0.053125 0.053125
0 0.9109375 0.7015625 0.05625 0.05625
0 0.984375 0.9046875 0.03125 0.0375
0 0.7953125 0.69375 0.025 0.025