0 0.1359375 0.3 0.05625 0.0375
0 0.1984375 0.103125 0.0515625 0.0515625
0 0.38125 0.1546875 0.090625 0.090625
0 0.3765625 0.13125 0.053125 0.0546875
0 0.56875 0.096875 0.0578125 0.065625
0 0.340625 0.75625 0.0796875 0.0953125
0 0.765625 0.59375 0.071875 0.0796875
0 0.7875 0.715625 0.0515625 0.0515625
0 0.6953125 0.35625 0.090625 0.0734375
0 0.8078125 0.3328125 0.075 0.028125
0 0.728125 0.4515625 0.090625 0.0890625
0 0.7625 0.578125 0.0515625 0.0515625
0 0.621875 0.4 0.0765625 0.0859375
0 0.753125 0.54375 0.0625 0.1125