0 0.4 0.2921875 0.059375 0.059375
0 0.35625 0.0484375 0.0875 0.0875
0 0.434375 0.3890625 0.059375 0.059375
0 0.5671875 0.2203125 0.09375 0.096875
0 0.3 0.2453125 0.05625 0.05625
0 0.85 0.2265625 0.059375 0.05625
0 0.7421875 0.0296875 0.046875 0.028125
0 0.1921875 0.990625 0.0625 0.01875
0 0.1875 0.7203125 0.190625 0.190625
0 0.70234375 0.7828125 0.0328125 0.1625
0 0.6015625 0.90625 0.1375 0.053125
0 0.6578125 0.8734375 0.065625 0.065625
0 0.7296875 0.9765625 0.021875 0.046875
0 0.7515625 0.6234375 0.046875 0.05
0 0.7578125 0.6984375 0.078125 0.109375
0 0.7609375 0.696875 0.084375 0.171875