0 0.7984375 0.2546875 0.053125 0.053125
0 0.8875 0.1796875 0.06875 0.06875
0 0.3296875 0.5578125 0.125 0.125
0 0.3625 0.9109375 0.084375 0.08125
0 0.2140625 0.8203125 0.103125 0.1328125
0 0.1390625 0.7421875 0.253125 0.2203125
0 0.053125 0.66640625 0.10625 0.0734375
0 0.2296875 0.9125 0.0734375 0.128125
0 0.5734375 0.8796875 0.059375 0.05625
0 0.75625 0.6515625 0.046875 0.046875
0 0.65 0.5859375 0.034375 0.0375
0 0.834375 0.5296875 0.065625 0.0828125
0 0.6796875 0.515625 0.0765625 0.0703125
0 0.703125 0.5265625 0.1421875 0.09375
0 0.7 0.94375 0.053125 0.0703125