0 0.3296875 0.10625 0.03125 0.03125
0 0.7421875 0.278125 0.053125 0.053125
0 0.6453125 0.0640625 0.06875 0.06875
0 0.3375 0.6171875 0.053125 0.04375
0 0.1578125 0.8703125 0.040625 0.03125
0 0.18125 0.9515625 0.0421875 0.059375
0 0.184375 0.540625 0.0328125 0.04375
0 0.6421875 0.6390625 0.0875 0.0875
0 0.6109375 0.840625 0.1125 0.1125
0 0.68125 0.7859375 0.021875 0.0703125
0 0.553125 0.6875 0.090625 0.0875
0 0.6765625 0.5484375 0.0296875 0.0875
0 0.86328125 0.95078125 0.2421875 0.0984375
0 0.96015625 0.959375 0.0796875 0.08125
0 0.7171875 0.8171875 0.0515625 0.0609375
0 0.8453125 0.8953125 0.0546875 0.0546875
0 0.95 0.5359375 0.053125 0.053125
0 0.8828125 0.9421875 0.0671875 0.0703125