0 0.2515625 0.125 0.08125 0.25
0 0.8484375 0.24140625 0.084375 0.0171875
0 0.8671875 0.034375 0.040625 0.040625
0 0.1703125 0.7921875 0.09375 0.090625
0 0.1109375 0.6671875 0.053125 0.03125
0 0.02265625 0.7234375 0.0453125 0.084375
0 0.115625 0.8234375 0.13125 0.13125
0 0.4625 0.409375 0.01875 0.01875
0 0.396875 0.2828125 0.071875 0.065625
0 0.2890625 0.3140625 0.028125 0.03125
0 0.3046875 0.3546875 0.03125 0.03125
0 0.346875 0.2625 0.028125 0.025
0 0.50546875 0.4203125 0.0265625 0.065625
0 0.790625 0.91875 0.090625 0.090625
0 0.971875 0.74609375 0.05625 0.2890625
0 0.625 0.4 0.040625 0.040625
0 0.5734375 0.31875 0.05625 0.05