0 0.565625 0.3828125 0.04375 0.084375
0 0.26875 0.1390625 0.065625 0.065625
0 0.3140625 0.43125 0.05625 0.05625
0 0.521875 0.2828125 0.04375 0.04375
0 0.3171875 0.53515625 0.05625 0.0296875
0 0.00625 0.0421875 0.0125 0.03125
0 0.278125 0.0359375 0.034375 0.034375
0 0.5078125 0.190625 0.028125 0.040625
0 0.240625 0.321875 0.0625 0.0625
0 0.1921875 0.93671875 0.35625 0.1265625
0 0.2859375 0.940625 0.075 0.075
0 0.065625 0.628125 0.096875 0.096875
0 0.0296875 0.75625 0.059375 0.134375
0 0.2828125 0.825 0.19375 0.19375