0 0.4578125 0.0953125 0.034375 0.03125
0 0.421875 0.175 0.03125 0.028125
0 0.5140625 0.3 0.0625 0.04375
0 0.6125 0.3578125 0.05625 0.053125
0 0.553125 0.190625 0.03125 0.0375
0 0.3046875 0.359375 0.034375 0.0375
0 0.61640625 0.2953125 0.1046875 0.15625
0 0.2359375 0.3359375 0.053125 0.053125
0 0.0765625 0.253125 0.028125 0.028125
0 0.6359375 0.665625 0.065625 0.084375
0 0.0359375 0.53125 0.065625 0.034375
0 0.4046875 0.646875 0.04375 0.040625
0 0.1796875 0.6859375 0.065625 0.04375
0 0.2609375 0.9609375 0.028125 0.025
0 0.328125 0.8703125 0.03125 0.03125
0 0.725 0.5953125 0.04375 0.04375