0 0.38125 0.0390625 0.1203125 0.078125
0 0.275 0.58125 0.0546875 0.0140625
0 0.55625 0.278125 0.0484375 0.0484375
0 0.565625 0.51875 0.0765625 0.0546875
0 0.440625 0.14375 0.03125 0.034375
0 0.0109375 0.2046875 0.021875 0.046875
0 0.203125 0.0125 0.0484375 0.025
0 0.015625 0.584375 0.0296875 0.0109375
0 0.43125 0.55 0.184375 0.078125
0 0.834375 0.321875 0.0734375 0.0578125
0 0.753125 0.3546875 0.0546875 0.0546875
0 0.6421875 0.334375 0.025 0.040625
0 0.1140625 0.79375 0.0734375 0.0640625
0 0.83125 0.6 0.0765625 0.0203125