0 0.58203125 0.3875 0.0140625 0.05
0 0.359375 0.378125 0.065625 0.065625
0 0.328125 0.48828125 0.13125 0.0828125
0 0.55625 0.109375 0.065625 0.065625
0 0.5234375 0.190625 0.059375 0.05625
0 0.54375 0.3015625 0.040625 0.028125
0 0.278125 0.1125 0.05 0.05
0 0.84375 0.390625 0.034375 0.034375
0 0.090625 0.7359375 0.03125 0.0375
0 0.2765625 0.7375 0.03125 0.028125
0 0.2703125 0.5796875 0.025 0.025
0 0.4296875 0.85 0.04375 0.04375
0 0.7921875 0.96640625 0.11875 0.0671875
0 0.9734375 0.946875 0.053125 0.071875
0 0.8125 0.97421875 0.065625 0.0515625
0 0.928125 0.7875 0.053125 0.03125