0 0.21640625 0.47421875 0.0828125 0.1296875
0 0.140625 0.1265625 0.046875 0.04375
0 0.0625 0.040625 0.053125 0.05
0 0.4359375 0.04453125 0.215625 0.0890625
0 0.3578125 0.2578125 0.065625 0.065625
0 0.3015625 0.321875 0.0625 0.059375
0 0.2828125 0.4453125 0.04375 0.04375
0 0.7640625 0.384375 0.109375 0.109375
0 0.946875 0.4421875 0.10625 0.115625
0 0.36875 0.63203125 0.24375 0.1859375
0 0.2359375 0.746875 0.08125 0.08125
0 0.7734375 0.990625 0.046875 0.01875
0 0.8171875 0.8984375 0.1 0.1
0 0.7921875 0.9625 0.084375 0.075