0 0.1578125 0.1609375 0.04375 0.040625
0 0.071875 0.0828125 0.053125 0.05
0 0.06171875 0.40625 0.1234375 0.10625
0 0.2890625 0.378125 0.071875 0.0625
0 0.353125 0.321875 0.059375 0.0625
0 0.47265625 0.0609375 0.0453125 0.121875
0 0.659375 0.203125 0.0875 0.0875
0 0.97265625 0.05 0.0546875 0.059375
0 0.634375 0.303125 0.065625 0.065625
0 0.6421875 0.2546875 0.15 0.146875
0 0.5703125 0.540625 0.1625 0.1625
0 0.7390625 0.596875 0.040625 0.128125
0 0.7796875 0.65 0.115625 0.1375
0 0.6953125 0.84375 0.04375 0.0375
0 0.6828125 0.94375 0.05 0.05
0 0.7796875 0.84375 0.053125 0.053125