0 0.5203125 0.2546875 0.103125 0.190625
0 0.81875 0.175 0.3625 0.35
0 0.05625 0.646875 0.0375 0.0375
0 0.46328125 0.62421875 0.0109375 0.0328125
0 0.2875 0.46875 0.0453125 0.0421875
0 0.175 0.628125 0.0453125 0.0453125
0 0.3625 0.4671875 0.05 0.05
0 0.2828125 0.621875 0.0546875 0.03125
0 0.3453125 0.475 0.0359375 0.0265625
0 0.425 0.628125 0.021875 0.03125
0 0.8328125 0.6390625 0.034375 0.040625
0 0.7859375 0.475 0.0296875 0.0265625
0 0.684375 0.478125 0.03125 0.0265625
0 0.58671875 0.35390625 0.0359375 0.0078125