0 0.0515625 0.2859375 0.071875 0.075
0 0.034375 0.05625 0.053125 0.1125
0 0.1171875 0.2765625 0.0375 0.0375
0 0.9546875 0.09375 0.025 0.025
0 0.6921875 0.390625 0.04375 0.01875
0 0.3609375 0.70625 0.059375 0.040625
0 0.1375 0.4609375 0.103125 0.096875
0 0.2890625 0.6390625 0.040625 0.040625
0 0.39296875 0.95390625 0.0515625 0.0921875
0 0.0796875 0.9125 0.046875 0.046875
0 0.5859375 0.5921875 0.065625 0.065625
0 0.5859375 0.41328125 0.0375 0.0265625
0 0.6890625 0.5734375 0.121875 0.1125
0 0.9046875 0.9296875 0.04375 0.04375