0 0.02734375 0.18125 0.0546875 0.0375
0 0.1546875 0.06796875 0.234375 0.1359375
0 0.31875 0.4015625 0.0625 0.0625
0 0.6359375 0.3046875 0.128125 0.096875
0 0.7859375 0.028125 0.1875 0.05625
0 0.52265625 0.04453125 0.0453125 0.0484375
0 0.475 0.7859375 0.05 0.053125
0 0.49375 0.9328125 0.0125 0.05
0 0.553125 0.47734375 0.1 0.0546875
0 0.9921875 0.484375 0.015625 0.065625
0 0.9453125 0.48203125 0.065625 0.0640625
0 0.6328125 0.6828125 0.034375 0.0875
0 0.5984375 0.8328125 0.0671875 0.06875
0 0.9734375 0.64609375 0.053125 0.0703125