0 0.97265625 0.16328125 0.0546875 0.0546875
0 0.04296875 0.3609375 0.0859375 0.04375
0 0.409375 0.9203125 0.040625 0.053125
0 0.24375 0.646875 0.0375 0.0375
0 0.346875 0.7015625 0.0375 0.0390625
0 0.02734375 0.48671875 0.0546875 0.1015625
0 0.0515625 0.7578125 0.0375 0.15
0 0.9109375 0.9609375 0.046875 0.046875
0 0.6125 0.709375 0.046875 0.075
0 0.803125 0.3890625 0.0109375 0.0546875
0 0.98125 0.50078125 0.0375 0.0515625
0 0.828125 0.6515625 0.0609375 0.0796875
0 0.865625 0.4046875 0.103125 0.1046875