0 0.2265625 0.284375 0.0484375 0.0484375
0 0.0234375 0.4640625 0.046875 0.075
0 0.36875 0.4171875 0.0796875 0.18125
0 0.86875 0.1796875 0.2609375 0.26875
0 0.975 0.340625 0.05 0.0875
0 0.8171875 0.240625 0.365625 0.3703125
0 0.6328125 0.3375 0.1828125 0.1921875
0 0.73125 0.1234375 0.0859375 0.0875
0 0.428125 0.153125 0.08125 0.0828125
0 0.703125 0.11875 0.0640625 0.0640625
0 0.5625 0.1078125 0.2625 0.215625
0 0.23046875 0.85859375 0.1984375 0.2828125
0 0.0515625 0.6015625 0.103125 0.184375
0 0.19375 0.8203125 0.2703125 0.359375
0 0.0546875 0.61875 0.109375 0.1421875