0 0.696875 0.05859375 0.065625 0.1171875
0 0.4640625 0.0671875 0.20625 0.134375
0 0.1125 0.04140625 0.103125 0.0828125
0 0.2640625 0.05625 0.084375 0.090625
0 0.0984375 0.0375 0.15625 0.075
0 0.515625 0.4484375 0.065625 0.06875
0 0.1453125 0.15625 0.040625 0.0375
0 0.05625 0.446875 0.09375 0.084375
0 0.3796875 0.8046875 0.0625 0.0625
0 0.253125 0.6015625 0.0640625 0.0625
0 0.63125 0.978125 0.05625 0.04375
0 0.653125 0.9734375 0.125 0.053125
0 0.5453125 0.7234375 0.0375 0.0375
0 0.4484375 0.9015625 0.14375 0.14375
0 0.8484375 0.91875 0.05625 0.05625
0 0.7796875 0.890625 0.059375 0.059375
0 0.7921875 0.9046875 0.0421875 0.0375