0 0.140625 0.315625 0.075 0.075
0 0.1296875 0.296875 0.09375 0.09375
0 0.075 0.0484375 0.05 0.05
0 0.0078125 0.0609375 0.015625 0.059375
0 0.03828125 0.2171875 0.0765625 0.1
0 0.62265625 0.4390625 0.2265625 0.2375
0 0.5796875 0.47578125 0.140625 0.2484375
0 0.8046875 0.03984375 0.109375 0.0796875
0 0.51953125 0.171875 0.0203125 0.075
0 0.7328125 0.1796875 0.121875 0.121875
0 0.7765625 0.2578125 0.059375 0.059375
0 0.8953125 0.01953125 0.05 0.0390625
0 0.01640625 0.7359375 0.0328125 0.0625
0 0.528125 0.9734375 0.0375 0.046875
0 0.54453125 0.8078125 0.0703125 0.121875
0 0.753125 0.9265625 0.046875 0.046875
0 0.64375 0.63203125 0.028125 0.0640625
0 0.9359375 0.875 0.046875 0.05