0 0.4375 0.25 0.059375 0.0453125
0 0.75 0.24375 0.0609375 0.0609375
0 0.765625 0.0125 0.034375 0.025
0 0.76875 0.08125 0.0484375 0.05
0 0.025 0.7953125 0.05 0.11875
0 0.0203125 0.98125 0.040625 0.0375
0 0.2796875 0.65 0.0859375 0.0578125
0 0.26875 0.66875 0.096875 0.084375
0 0.2140625 0.9171875 0.065625 0.0359375
0 0.04375 0.7609375 0.0453125 0.0375
0 0.125 0.9046875 0.05625 0.05625
0 0.15625 0.7484375 0.1140625 0.09375
0 0.8453125 0.9703125 0.04375 0.040625
0 0.965625 0.4671875 0.0390625 0.015625
0 0.9796875 0.615625 0.040625 0.0515625
0 0.978125 0.865625 0.04375 0.0640625
0 0.7875 0.56875 0.0453125 0.0390625
0 0.85 0.890625 0.0640625 0.0984375