0 0.2984375 0.221875 0.04375 0.05
0 0.903125 0.38203125 0.040625 0.0359375
0 0.940625 0.340625 0.0375 0.034375
0 0.9359375 0.321875 0.053125 0.053125
0 0.91875 0.0140625 0.028125 0.028125
0 0.8125 0.096875 0.115625 0.115625
0 0.2546875 0.7203125 0.196875 0.196875
0 0.0375 0.653125 0.075 0.103125
0 0.3265625 0.640625 0.06875 0.06875
0 0.1671875 0.5578125 0.14375 0.14375
0 0.2640625 0.6140625 0.05625 0.0578125
0 0.1140625 0.4546875 0.059375 0.059375
0 0.2265625 0.778125 0.06875 0.06875
0 0.3171875 0.5828125 0.0453125 0.0453125
0 0.646875 0.925 0.059375 0.040625
0 0.6359375 0.559375 0.0375 0.03125