0 0.4046875 0.02578125 0.06875 0.0515625
0 0.0859375 0.2625 0.046875 0.046875
0 0.034375 0.36484375 0.059375 0.0296875
0 0.02109375 0.16875 0.0421875 0.059375
0 0.5984375 0.36875 0.034375 0.021875
0 0.9375 0.103125 0.046875 0.046875
0 0.7625 0.265625 0.028125 0.028125
0 0.54375 0.0859375 0.034375 0.034375
0 0.32421875 0.86484375 0.2296875 0.2703125
0 0.146875 0.8234375 0.096875 0.096875
0 0.01953125 0.6703125 0.0390625 0.0625
0 0.271875 0.503125 0.0359375 0.0359375
0 0.9484375 0.76875 0.065625 0.11875
0 0.9453125 0.9140625 0.034375 0.034375
0 0.7265625 0.93125 0.0375 0.0375
0 0.88515625 0.41875 0.1046875 0.078125
0 0.928125 0.675 0.0390625 0.021875
0 0.8546875 0.821875 0.0328125 0.034375
0 0.5015625 0.946875 0.028125 0.028125