0 0.059375 0.1671875 0.065625 0.03125
0 0.25078125 0.0796875 0.1171875 0.159375
0 0.5296875 0.275 0.06875 0.06875
0 0.6359375 0.0375 0.078125 0.075
0 0.096875 0.7828125 0.05 0.04375
0 0.1875 0.4484375 0.078125 0.059375
0 0.1265625 0.678125 0.046875 0.075
0 0.03203125 0.74453125 0.0640625 0.0453125
0 0.2390625 0.8625 0.028125 0.028125
0 0.0171875 0.79453125 0.034375 0.0296875
0 0.10625 0.5296875 0.046875 0.028125
0 0.2 0.5140625 0.0390625 0.028125
0 0.015625 0.93359375 0.03125 0.0515625
0 0.08125 0.8953125 0.0578125 0.040625
0 0.140625 0.98671875 0.1 0.0265625
0 0.7421875 0.4265625 0.075 0.075
0 0.7921875 0.49375 0.053125 0.046875
0 0.8484375 0.6171875 0.05625 0.059375
0 0.5796875 0.5859375 0.05625 0.05625
0 0.6109375 0.5203125 0.053125 0.053125