0 0.7625 0.8546875 0.04375 0.059375
0 0.2359375 0.565625 0.05 0.040625
0 0.1328125 0.325 0.04375 0.05625
0 0.7671875 0.2265625 0.0296875 0.0515625
0 0.115625 0.1171875 0.1265625 0.0453125
0 0.76875 0.328125 0.05625 0.090625
0 0.1609375 0.1921875 0.046875 0.059375
0 0.03125 0.69375 0.0359375 0.05
0 0.2 0.8765625 0.134375 0.0546875
0 0.75 0.5671875 0.025 0.028125
0 0.2046875 0.496875 0.08125 0.0375
0 0.171875 0.790625 0.046875 0.059375
0 0.2625 0.1375 0.0375 0.03125
0 0.771875 0.4453125 0.021875 0.021875
0 0.825 0.4125 0.0328125 0.040625
0 0.79375 0.6421875 0.0453125 0.0453125
0 0.215625 0.3296875 0.0484375 0.0484375
0 0.0578125 0.3921875 0.0359375 0.0265625
0 0.053125 0.815625 0.0515625 0.0453125
0 0.203125 0.2578125 0.1109375 0.0765625
0 0.503125 0.4421875 0.01875 0.01875