0 0.28046875 0.5671875 0.1578125 0.084375
0 0.2140625 0.5453125 0.071875 0.071875
0 0.1875 0.59375 0.059375 0.03125
0 0.15625 0.5546875 0.04375 0.04375
0 0.93984375 0.096875 0.1203125 0.175
0 0.93203125 0.2859375 0.1359375 0.184375
0 0.746875 0.01796875 0.090625 0.0359375
0 0.5421875 0.265625 0.046875 0.046875
0 0.4 0.2609375 0.08125 0.128125
0 0.4953125 0.4953125 0.05 0.05
0 0.3375 0.8125 0.04375 0.065625
0 0.86875 0.7546875 0.034375 0.034375
0 0.8859375 0.665625 0.05 0.05
0 0.9671875 0.853125 0.025 0.025
0 0.6921875 0.7015625 0.04375 0.021875
0 0.5640625 0.921875 0.01875 0.01875
0 0.4296875 0.98125 0.0265625 0.021875