0 0.4640625 0.2375 0.115625 0.11875
0 0.603125 0.1765625 0.046875 0.05
0 0.7546875 0.034375 0.184375 0.06875
0 0.43828125 0.9890625 0.0921875 0.021875
0 0.1453125 0.5796875 0.046875 0.046875
0 0.2296875 0.559375 0.034375 0.034375
0 0.3375 0.671875 0.05625 0.05625
0 0.3765625 0.7796875 0.059375 0.0625
0 0.2234375 0.6921875 0.040625 0.04375
0 0.4328125 0.4765625 0.04375 0.04375
0 0.3109375 0.796875 0.190625 0.190625
0 0.4234375 0.4203125 0.0546875 0.028125
0 0.80625 0.7828125 0.034375 0.0375
0 0.8046875 0.6140625 0.05625 0.0625
0 0.8109375 0.8578125 0.034375 0.03125
0 0.778125 0.7 0.021875 0.021875
0 0.821875 0.6578125 0.028125 0.025