0 0.3203125 0.2453125 0.19375 0.19375
0 0.3875 0.03125 0.096875 0.0625
0 0.4 0.3171875 0.071875 0.071875
0 0.47578125 0.1578125 0.1265625 0.134375
0 0.4265625 0.2546875 0.059375 0.059375
0 0.2625 0.2171875 0.071875 0.075
0 0.4578125 0.3078125 0.046875 0.046875
0 0.59375 0.484375 0.05 0.05
0 0.96875 0.48125 0.0625 0.1
0 0.9359375 0.415625 0.053125 0.053125
0 0.853125 0.15 0.075 0.075
0 0.634375 0.228125 0.071875 0.071875
0 0.834375 0.30625 0.1234375 0.0484375
0 0.71875 0.071875 0.1109375 0.1265625
0 0.7875 0.059375 0.05 0.0515625
0 0.53359375 0.7875 0.0109375 0.04375
0 0.76640625 0.5984375 0.0890625 0.078125
0 0.5609375 0.8 0.04375 0.09375
0 0.590625 0.95234375 0.103125 0.0953125
0 0.5578125 0.734375 0.0375 0.046875