0 0.4859375 0.259375 0.0125 0.05
0 0.44375 0.121875 0.075 0.078125
0 0.3640625 0.3171875 0.071875 0.065625
0 0.4328125 0.078125 0.04375 0.04375
0 0.6421875 0.02890625 0.065625 0.0578125
0 0.840625 0.2 0.06875 0.06875
0 0.571875 0.37734375 0.06875 0.0546875
0 0.4171875 0.7796875 0.075 0.040625
0 0.13125 0.465625 0.2625 0.23125
0 0.446875 0.6546875 0.103125 0.10625
0 0.4953125 0.4078125 0.059375 0.059375
0 0.1328125 0.546875 0.265625 0.384375
0 0.05 0.96953125 0.1 0.0609375
0 0.6453125 0.48125 0.071875 0.08125
0 0.7875 0.8921875 0.05625 0.0625
0 0.9828125 0.8984375 0.034375 0.11875
0 0.9921875 0.8046875 0.015625 0.03125