0 0.396875 0.06875 0.046875 0.046875
0 0.4 0.4625 0.1046875 0.0859375
0 0.1625 0.309375 0.0609375 0.0578125
0 0.0203125 0.05625 0.040625 0.0765625
0 0.24375 0.40625 0.0953125 0.1046875
0 0.240625 0.50625 0.0421875 0.0421875
0 0.209375 0.35 0.0640625 0.0640625
0 0.00625 0.23359375 0.0125 0.0546875
0 0.465625 0.4109375 0.0484375 0.0515625
0 0.73125 0.328125 0.071875 0.071875
0 0.9375 0.39375 0.0828125 0.0828125
0 0.653125 0.109375 0.0703125 0.06875
0 0.575 0.309375 0.0484375 0.1234375
0 0.809375 0.19375 0.1265625 0.1109375
0 0.821875 0.2625 0.0515625 0.05
0 0.021875 0.5765625 0.0421875 0.053125