0 0.24375 0.040625 0.1625 0.0796875
0 0.1 0.275 0.2 0.2109375
0 0.65625 0.359375 0.06875 0.040625
0 0.7 0.009375 0.0515625 0.0171875
0 0.984375 0.040625 0.03125 0.0796875
0 0.884375 0.1125 0.1046875 0.1078125
0 0.728125 0.290625 0.096875 0.090625
0 0.9578125 0.0828125 0.04375 0.04375
0 0.95625 0.028125 0.078125 0.05625
0 0.515625 0.3 0.03125 0.0390625
0 0.8625 0.225 0.05 0.0546875
0 0.821875 0.1375 0.0453125 0.0484375
0 0.053125 0.9578125 0.0859375 0.084375
0 0.803125 0.84375 0.1296875 0.134375
0 0.640625 0.965625 0.06875 0.06875
0 0.9015625 0.584375 0.090625 0.0953125
0 0.9015625 0.9578125 0.096875 0.084375