0 0.1578125 0.353125 0.040625 0.040625
0 0.1515625 0.0140625 0.059375 0.028125
0 0.178125 0.0421875 0.0375 0.0375
0 0.7359375 0.015625 0.028125 0.028125
0 0.884375 0.29375 0.046875 0.046875
0 0.73125 0.221875 0.028125 0.028125
0 0.3 0.6140625 0.184375 0.184375
0 0.5 0.546875 0.0375 0.1
0 0.228125 0.534375 0.071875 0.071875
0 0.3875 0.475 0.1375 0.090625
0 0.290625 0.5078125 0.059375 0.059375
0 0.328125 0.671875 0.071875 0.071875
0 0.2375 0.4765625 0.0453125 0.0453125
0 0.63125 0.796875 0.05625 0.05625