0 0.340625 0.1984375 0.071875 0.03125
0 0.04140625 0.52734375 0.0828125 0.1046875
0 0.115625 0.4328125 0.046875 0.046875
0 0.178125 0.3625 0.065625 0.065625
0 0.2390625 0.30625 0.06875 0.065625
0 0.084375 0.02421875 0.084375 0.0484375
0 0.959375 0.140625 0.06875 0.06875
0 0.9625 0.2125 0.065625 0.065625
0 0.7609375 0.525 0.0875 0.0375
0 0.796875 0.1734375 0.0703125 0.075
0 0.23125 0.98125 0.059375 0.0375
0 0.61875 0.6984375 0.03125 0.040625
0 0.9734375 0.9484375 0.053125 0.0625
0 0.98046875 0.8078125 0.0390625 0.16875
0 0.734375 0.8953125 0.05625 0.05625
0 0.78125 0.9515625 0.059375 0.0609375
0 0.765625 0.94375 0.0421875 0.0421875