0 0.79375 0.1234375 0.05625 0.05625
0 0.3625 0.015625 0.053125 0.03125
0 0.446875 0.1078125 0.115625 0.1171875
0 0.5328125 0.1296875 0.065625 0.065625
0 0.34609375 0.2921875 0.0734375 0.109375
0 0.33984375 0.384375 0.0578125 0.05
0 0.3921875 0.3203125 0.071875 0.0765625
0 0.2984375 0.4640625 0.021875 0.084375
0 0.29453125 0.4203125 0.0296875 0.021875
0 0.065625 0.6015625 0.0515625 0.0484375
0 0.05625 0.7421875 0.0515625 0.05625
0 0.053125 0.95703125 0.10625 0.0859375
0 0.01484375 0.86640625 0.0296875 0.0796875
0 0.903125 0.9484375 0.028125 0.028125
0 0.584375 0.73125 0.03125 0.03125
0 0.471875 0.859375 0.028125 0.028125