0 0.1234375 0.215625 0.140625 0.140625
0 0.0234375 0.109375 0.046875 0.078125
0 0.253125 0.3015625 0.059375 0.059375
0 0.0171875 0.02421875 0.034375 0.0484375
0 0.0140625 0.24375 0.028125 0.053125
0 0.5359375 0.60625 0.096875 0.096875
0 0.5375 0.409375 0.053125 0.053125
0 0.0296875 0.97890625 0.05625 0.0421875
0 0.1765625 0.7328125 0.05625 0.05625
0 0.1328125 0.9265625 0.0625 0.0625
0 0.2453125 0.7109375 0.05625 0.04375
0 0.2296875 0.8796875 0.05625 0.04375
0 0.2328125 0.71875 0.046875 0.040625
0 0.365625 0.725 0.09375 0.071875
0 0.3609375 0.79296875 0.084375 0.2078125