0 0.3078125 0.2375 0.078125 0.078125
0 0.3890625 0.21875 0.053125 0.05625
0 0.446875 0.24375 0.08125 0.08125
0 0.15625 0.64921875 0.040625 0.0390625
0 0.490625 0.15625 0.05625 0.065625
0 0.165625 0.165625 0.06875 0.065625
0 0.1328125 0.40625 0.05 0.05
0 0.0296875 0.4046875 0.059375 0.103125
0 0.91015625 0.25 0.1796875 0.25625
0 0.7015625 0.2296875 0.365625 0.43125
0 0.64921875 0.22109375 0.2609375 0.1390625
0 0.8859375 0.7125 0.046875 0.059375
0 0.903125 0.9203125 0.090625 0.0875
0 0.8578125 0.8453125 0.053125 0.053125
0 0.75625 0.9 0.0375 0.03125
0 0.803125 0.7078125 0.0484375 0.0484375
0 0.815625 0.7796875 0.1109375 0.0765625