0 0.7234375 0.0734375 0.065625 0.08125
0 0.6515625 0.3578125 0.0484375 0.0421875
0 0.740625 0.03125 0.084375 0.040625
0 0.6453125 0.38203125 0.053125 0.0359375
0 0.6703125 0.3078125 0.0515625 0.0453125
0 0.65390625 0.00546875 0.0703125 0.0109375
0 0.478125 0.56875 0.125 0.1125
0 0.3765625 0.6046875 0.040625 0.046875
0 0.4765625 0.7546875 0.078125 0.096875
0 0.4203125 0.6578125 0.034375 0.0421875
0 0.4734375 0.8703125 0.034375 0.040625
0 0.53125 0.5328125 0.05 0.0515625
0 0.35625 0.659375 0.034375 0.0328125