0 0.359375 0.0546875 0.078125 0.078125
0 0.5671875 0.0828125 0.0875 0.090625
0 0.5796875 0.28203125 0.075 0.0359375
0 0.590625 0.2359375 0.059375 0.059375
0 0.5703125 0.1703125 0.0375 0.059375
0 0.0703125 0.753125 0.053125 0.05625
0 0.2390625 0.734375 0.03125 0.03125
0 0.1890625 0.325 0.05625 0.05
0 0.0859375 0.40625 0.121875 0.11875
0 0.35 0.46875 0.059375 0.05625
0 0.0640625 0.4921875 0.065625 0.065625
0 0.4125 0.696875 0.0375 0.0375
0 0.3171875 0.31328125 0.046875 0.0265625
0 0.5265625 0.659375 0.04375 0.04375
0 0.6421875 0.6078125 0.059375 0.059375
0 0.45625 0.5859375 0.0125 0.0625