0 0.684375 0.3703125 0.1078125 0.1203125
0 0.946875 0.5828125 0.059375 0.05
0 0.5125 0.2 0.06875 0.0703125
0 0.6484375 0.471875 0.046875 0.040625
0 0.121875 0.2015625 0.075 0.040625
0 0.4984375 0.371875 0.096875 0.078125
0 0.5953125 0.428125 0.0421875 0.034375
0 0.9734375 0.4953125 0.05 0.084375
0 0.3828125 0.375 0.040625 0.034375
0 0.9828125 0.359375 0.0328125 0.04375
0 0.2765625 0.18125 0.03125 0.0515625
0 0.7203125 0.3171875 0.0515625 0.05
0 0.875 0.6234375 0.0328125 0.04375
0 0.59375 0.4921875 0.0328125 0.034375