0 0.3546875 0.31640625 0.121875 0.1046875
0 0.184375 0.146875 0.071875 0.071875
0 0.45625 0.2828125 0.04375 0.04375
0 0.35625 0.1328125 0.0875 0.0875
0 0.4125 0.2296875 0.0375 0.04375
0 0.359375 0.01875 0.0375 0.0375
0 0.3015625 0.34765625 0.053125 0.0421875
0 0.4765625 0.228125 0.034375 0.03125
0 0.9765625 0.3203125 0.046875 0.05625
0 0.7609375 0.26875 0.059375 0.0625
0 0.9 0.3015625 0.078125 0.078125
0 0.2578125 0.6 0.0625 0.0625
0 0.1953125 0.43125 0.053125 0.05625
0 0.35625 0.421875 0.04375 0.04375
0 0.3953125 0.515625 0.0375 0.040625
0 0.3015625 0.6546875 0.046875 0.046875
0 0.4265625 0.75 0.14375 0.13125
0 0.2515625 0.815625 0.1125 0.10625
0 0.3234375 0.709375 0.090625 0.05625
0 0.528125 0.859375 0.05625 0.04375
0 0.51171875 0.75 0.0234375 0.025