0 0.1328125 0.1125 0.08125 0.084375
0 0.4890625 0.4390625 0.04375 0.06875
0 0.53125 0.1453125 0.040625 0.040625
0 0.4796875 0.2703125 0.109375 0.10625
0 0.51875 0.09375 0.0375 0.034375
0 0.540625 0.2203125 0.04375 0.04375
0 0.18125 0.928125 0.040625 0.0375
0 0.11875 0.8421875 0.06875 0.06875
0 0.265625 0.49765625 0.025 0.0171875
0 0.25625 0.953125 0.01875 0.021875
0 0.1625 0.99453125 0.021875 0.0109375
0 0.95625 0.57578125 0.0875 0.1734375
0 0.921875 0.7609375 0.15625 0.478125
0 0.94921875 0.85078125 0.1015625 0.2984375