0 0.46328125 0.4109375 0.0515625 0.0375
0 0.503125 0.159375 0.028125 0.053125
0 0.75 0.1421875 0.0375 0.0375
0 0.965625 0.3703125 0.0515625 0.0453125
0 0.953125 0.2265625 0.075 0.0578125
0 0.9703125 0.3046875 0.025 0.025
0 0.6203125 0.4015625 0.0625 0.0328125
0 0.9171875 0.3390625 0.05625 0.0453125
0 0.6328125 0.1859375 0.05 0.078125
0 0.5875 0.275 0.0296875 0.0296875
0 0.690625 0.1546875 0.0421875 0.0359375
0 0.940625 0.1609375 0.0390625 0.028125
0 0.625 0.6890625 0.071875 0.071875
0 0.98359375 0.6734375 0.0328125 0.1125