0 0.4109375 0.109375 0.040625 0.04375
0 0.7109375 0.40078125 0.125 0.1359375
0 0.753125 0.146875 0.1421875 0.134375
0 0.64609375 0.03046875 0.0890625 0.0609375
0 0.8390625 0.2765625 0.0546875 0.05625
0 0.78125 0.02578125 0.05 0.0515625
0 0.2109375 0.94921875 0.134375 0.1015625
0 0.134375 0.59375 0.0421875 0.04375
0 0.05625 0.5078125 0.0484375 0.05
0 0.42890625 0.509375 0.2078125 0.08125
0 0.3515625 0.725 0.0546875 0.06875
0 0.2953125 0.7890625 0.0515625 0.0640625
0 0.2765625 0.9125 0.0453125 0.0453125
0 0.696875 0.98671875 0.059375 0.0265625