0 0.259375 0.2734375 0.065625 0.065625
0 0.259375 0.5828125 0.0390625 0.0390625
0 0.825 0.0421875 0.0875 0.084375
0 0.53125 0.484375 0.046875 0.04375
0 0.615625 0.5046875 0.03125 0.0328125
0 0.7234375 0.3921875 0.0484375 0.065625
0 0.7625 0.284375 0.059375 0.0609375
0 0.609375 0.371875 0.0421875 0.0375
0 0.81875 0.5875 0.040625 0.040625
0 0.696875 0.2671875 0.19375 0.165625
0 0.1625 0.8375 0.05 0.0421875
0 0.00625 0.74375 0.0125 0.0578125
0 0.171875 0.909375 0.0359375 0.0640625
0 0.0125 0.85 0.025 0.053125
0 0.1625 0.89375 0.03125 0.0375
0 0.01796875 0.98984375 0.0328125 0.0203125
0 0.9375 0.8875 0.09375 0.09375
0 0.809375 0.64375 0.0546875 0.028125
0 0.859375 0.96875 0.103125 0.0546875