0 0.3328125 0.49921875 0.06875 0.0203125
0 0.121875 0.2515625 0.046875 0.046875
0 0.1015625 0.1671875 0.034375 0.03125
0 0.2140625 0.059375 0.065625 0.046875
0 0.321875 0.02578125 0.065625 0.0515625
0 0.234375 0.1734375 0.04375 0.04375
0 0.3390625 0.09296875 0.171875 0.1859375
0 0.8390625 0.2890625 0.321875 0.403125
0 0.49453125 0.1140625 0.0109375 0.040625
0 0.11875 0.61875 0.065625 0.065625
0 0.3671875 0.6453125 0.09375 0.09375
0 0.371875 0.8375 0.05625 0.08125
0 0.278125 0.721875 0.078125 0.0625
0 0.9625 0.8953125 0.059375 0.059375
0 0.50078125 0.8203125 0.0234375 0.071875