0 0.384375 0.453125 0.05625 0.034375
0 0.2515625 0.08125 0.028125 0.028125
0 0.334375 0.528125 0.034375 0.046875
0 0.66875 0.4234375 0.065625 0.065625
0 0.9078125 0.3984375 0.053125 0.053125
0 0.66875 0.6078125 0.0375 0.0375
0 0.6140625 0.4421875 0.028125 0.11875
0 0.3125 0.725 0.075 0.04375
0 0.19375 0.8234375 0.028125 0.01875
0 0.0171875 0.809375 0.034375 0.0296875
0 0.578125 0.6828125 0.0375 0.0375
0 0.4421875 0.6859375 0.03125 0.03125
0 0.2703125 0.815625 0.028125 0.028125
0 0.2234375 0.715625 0.0296875 0.03125