0 0.4140625 0.521875 0.075 0.075
0 0.271875 0.43125 0.028125 0.03125
0 0.3296875 0.50625 0.06875 0.06875
0 0.5046875 0.1484375 0.06875 0.096875
0 0.52421875 0.31875 0.0296875 0.06875
0 0.3984375 0.10625 0.078125 0.078125
0 0.1140625 0.28125 0.1125 0.084375
0 0.0828125 0.271875 0.059375 0.059375
0 0.5890625 0.6640625 0.075 0.075
0 0.6203125 0.546875 0.06875 0.06875
0 0.584375 0.65625 0.090625 0.109375
0 0.5578125 0.5921875 0.0375 0.065625
0 0.65546875 0.68984375 0.2203125 0.0578125
0 0.1328125 0.9328125 0.05 0.05
0 0.9359375 0.8515625 0.065625 0.065625