0 0.25625 0.28125 0.0734375 0.0734375
0 0.3984375 0.371875 0.028125 0.028125
0 0.340625 0.296875 0.065625 0.065625
0 0.1515625 0.6546875 0.09375 0.09375
0 0.046875 0.60625 0.06875 0.06875
0 0.1328125 0.484375 0.0546875 0.0703125
0 0.271875 0.696875 0.08125 0.075
0 0.35 0.921875 0.059375 0.053125
0 0.2 0.8484375 0.0515625 0.05
0 0.99375 0.69375 0.0125 0.0484375
0 0.55625 0.521875 0.109375 0.0796875
0 0.5875 0.53125 0.0546875 0.0578125
0 0.6234375 0.89375 0.0390625 0.0421875
0 0.7703125 0.61875 0.084375 0.0640625