0 0.3609375 0.2765625 0.059375 0.059375
0 0.3359375 0.0203125 0.040625 0.040625
0 0.33125 0.1453125 0.040625 0.0375
0 0.9296875 0.0171875 0.03125 0.03125
0 0.88125 0.59296875 0.046875 0.0328125
0 0.871875 0.459375 0.021875 0.021875
0 0.865625 0.09375 0.0171875 0.01875
0 0.8046875 0.99296875 0.05625 0.0140625
0 0.6421875 0.7703125 0.184375 0.184375
0 0.5328125 0.771875 0.115625 0.115625
0 0.6234375 0.6421875 0.046875 0.046875
0 0.6078125 0.7015625 0.078125 0.078125
0 0.44765625 0.753125 0.0953125 0.2625