0 0.2234375 0.04375 0.075 0.040625
0 0.353125 0.0828125 0.03125 0.03125
0 0.284375 0.246875 0.034375 0.034375
0 0.134375 0.053125 0.028125 0.03125
0 0.93125 0.09375 0.053125 0.028125
0 0.8296875 0.0953125 0.075 0.0765625
0 0.590625 0.0765625 0.028125 0.025
0 0.7125 0.0984375 0.021875 0.021875
0 0.7453125 0.1515625 0.040625 0.0328125
0 0.515625 0.1203125 0.0453125 0.0453125
0 0.303125 0.7921875 0.05 0.05
0 0.21875 0.64375 0.0375 0.034375
0 0.6171875 0.9015625 0.090625 0.0875
0 0.6296875 0.6828125 0.075 0.075
0 0.640625 0.7484375 0.059375 0.059375
0 0.6203125 0.8140625 0.0375 0.059375
0 0.41640625 0.33671875 0.0453125 0.0546875
0 0.4203125 0.534375 0.0390625 0.059375
0 0.4 0.9328125 0.040625 0.0375