0 0.5875 0.325 0.04375 0.1390625
0 0.55625 0.3734375 0.065625 0.0734375
0 0.021875 0.29375 0.04375 0.046875
0 0.04375 0.2578125 0.04375 0.04375
0 0.834375 0.240625 0.075 0.075
0 0.765625 0.315625 0.0671875 0.0609375
0 0.834375 0.159375 0.0515625 0.0515625
0 0.1265625 0.7953125 0.078125 0.078125
0 0.4125 0.865625 0.0703125 0.06875
0 0.53125 0.878125 0.0609375 0.0640625
0 0.053125 0.51875 0.034375 0.034375
0 0.021875 0.7953125 0.0328125 0.0421875
0 0.3109375 0.784375 0.075 0.0578125
0 0.83125 0.58125 0.0515625 0.0515625
0 0.765625 0.565625 0.3109375 0.2734375