0 0.1265625 0.2046875 0.05625 0.05625
0 0.5515625 0.01484375 0.0375 0.0296875
0 0.1453125 0.015625 0.0375 0.03125
0 0.8078125 0.221875 0.0375 0.0625
0 0.8453125 0.2453125 0.046875 0.046875
0 0.953125 0.253125 0.034375 0.034375
0 0.9640625 0.48125 0.059375 0.059375
0 0.9703125 0.48359375 0.059375 0.0953125
0 0.103125 0.7375 0.20625 0.1375
0 0.02109375 0.8375 0.0421875 0.090625
0 0.5203125 0.8671875 0.071875 0.071875
0 0.4265625 0.98671875 0.078125 0.0265625
0 0.203125 0.98359375 0.040625 0.0328125