0 0.3609375 0.275 0.1 0.053125
0 0.5796875 0.2828125 0.078125 0.046875
0 0.515625 0.265625 0.0625 0.028125
0 0.45 0.2796875 0.053125 0.034375
0 0.9359375 0.3 0.078125 0.05625
0 0.9328125 0.1828125 0.075 0.075
0 0.98125 0.2484375 0.0375 0.06875
0 0.0875 0.8765625 0.103125 0.1
0 0.365625 0.609375 0.046875 0.04375
0 0.465625 0.54140625 0.059375 0.0234375
0 0.265625 0.6046875 0.046875 0.05
0 0.403125 0.7234375 0.06875 0.065625
0 0.346875 0.975 0.059375 0.034375
0 0.715625 0.965625 0.075 0.06875
0 0.7203125 0.7984375 0.05625 0.08125
0 0.64296875 0.9140625 0.0484375 0.065625