0 0.09375 0.1359375 0.040625 0.04375
0 0.88125 0.3359375 0.15 0.15
0 0.7859375 0.2265625 0.0578125 0.0578125
0 0.678125 0.1484375 0.1140625 0.1140625
0 0.9375 0.0671875 0.053125 0.053125
0 0.65 0.0640625 0.065625 0.065625
0 0.959375 0.3921875 0.0453125 0.04375
0 0.915625 0.2328125 0.053125 0.053125
0 0.278125 0.5859375 0.075 0.075
0 0.03125 0.6828125 0.0328125 0.0359375
0 0.590625 0.9203125 0.103125 0.1125
0 0.6171875 0.6046875 0.1046875 0.1046875
0 0.60625 0.721875 0.0828125 0.078125
0 0.86171875 0.56640625 0.0890625 0.0734375
0 0.96328125 0.6515625 0.0734375 0.1125