0 0.0296875 0.0765625 0.059375 0.0625
0 0.1 0.0359375 0.0828125 0.071875
0 0.09375 0.53125 0.0828125 0.0828125
0 0.065625 0.8734375 0.0640625 0.0640625
0 0.153125 0.4546875 0.0546875 0.053125
0 0.228125 0.425 0.05625 0.0140625
0 0.0375 0.428125 0.0640625 0.0171875
0 0.6828125 0.7296875 0.053125 0.065625
0 0.5875 0.75 0.0734375 0.1109375
0 0.659375 0.5703125 0.0875 0.0875
0 0.74375 0.509375 0.0796875 0.0953125
0 0.609375 0.6625 0.0671875 0.0671875
0 0.83125 0.425 0.0421875 0.0140625
0 0.715625 0.61875 0.040625 0.0390625
0 0.6625 0.796875 0.0390625 0.0359375