0 0.1859375 0.05 0.0625 0.0625
0 0.47734375 0.0296875 0.0234375 0.040625
0 0.3796875 0.1296875 0.025 0.028125
0 0.6515625 0.221875 0.04375 0.034375
0 0.8078125 0.2125 0.028125 0.028125
0 0.9296875 0.2 0.06875 0.053125
0 0.728125 0.2125 0.0375 0.040625
0 0.3578125 0.9625 0.134375 0.075
0 0.04375 0.609375 0.06875 0.06875
0 0.159375 0.6 0.1125 0.03125
0 0.453125 0.51875 0.071875 0.159375
0 0.5859375 0.7953125 0.04375 0.04375
0 0.7875 0.6515625 0.046875 0.065625
0 0.5125 0.8671875 0.0375 0.040625
0 0.721875 0.915625 0.065625 0.08125
0 0.5859375 0.6828125 0.040625 0.040625