0 0.11875 0.4765625 0.075 0.078125
0 0.9546875 0.02578125 0.06875 0.0515625
0 0.9546875 0.3265625 0.0375 0.040625
0 0.6828125 0.228125 0.046875 0.046875
0 0.5984375 0.2484375 0.034375 0.034375
0 0.490625 0.1359375 0.059375 0.059375
0 0.4515625 0.03046875 0.0625 0.0609375
0 0.6046875 0.115625 0.046875 0.040625
0 0.39765625 0.33125 0.0359375 0.040625
0 0.5171875 0.046875 0.19375 0.09375
0 0.40546875 0.3875 0.0515625 0.028125
0 0.05 0.6484375 0.034375 0.040625
0 0.7984375 0.7484375 0.04375 0.04375
0 0.9703125 0.8140625 0.025 0.025
0 0.7734375 0.865625 0.040625 0.1375