0 0.19375 0.2671875 0.03125 0.028125
0 0.3203125 0.2328125 0.028125 0.059375
0 0.1046875 0.21875 0.034375 0.03125
0 0.1765625 0.384375 0.028125 0.05
0 0.68046875 0.134375 0.0234375 0.040625
0 0.734375 0.365625 0.0375 0.04375
0 0.84375 0.06875 0.021875 0.025
0 0.6125 0.5640625 0.059375 0.059375
0 0.5703125 0.8984375 0.03125 0.03125
0 0.5875 0.821875 0.040625 0.040625
0 0.5828125 0.6953125 0.0375 0.0375
0 0.89375 0.5578125 0.059375 0.05625
0 0.98984375 0.4390625 0.0203125 0.025
0 0.8515625 0.8234375 0.034375 0.034375
0 0.8546875 0.6875 0.03125 0.03125
0 0.690625 0.61875 0.025 0.04375
0 0.984375 0.515625 0.028125 0.028125
0 0.884375 0.46875 0.03125 0.0296875