0 0.44765625 0.371875 0.0421875 0.028125
0 0.4421875 0.575 0.034375 0.009375
0 0.9796875 0.01953125 0.040625 0.0390625
0 0.871875 0.446875 0.15 0.15
0 0.584375 0.4234375 0.046875 0.046875
0 0.50625 0.4546875 0.04375 0.046875
0 0.3375 0.8015625 0.059375 0.059375
0 0.403125 0.6265625 0.071875 0.071875
0 0.4203125 0.7953125 0.05625 0.053125
0 0.259375 0.7375 0.034375 0.034375
0 0.4109375 0.84375 0.1 0.05625
0 0.6078125 0.975 0.0625 0.05
0 0.5875 0.8859375 0.1109375 0.0734375
0 0.7671875 0.95703125 0.0875 0.0859375
0 0.675 0.9078125 0.0671875 0.0671875
0 0.540625 0.9609375 0.0359375 0.0390625