0 0.4546875 0.6734375 0.0625 0.0546875
0 0.525 0.6109375 0.090625 0.0453125
0 0.8671875 0.60625 0.0578125 0.025
0 0.0953125 0.61875 0.0640625 0.0515625
0 0.74375 0.6140625 0.04375 0.0390625
0 0.353125 0.5984375 0.0796875 0.0484375
0 0.2265625 0.70625 0.04375 0.0390625
0 0.2421875 0.60625 0.0671875 0.0265625
0 0.384375 0.728125 0.034375 0.0296875
0 0.965625 0.634375 0.06875 0.0671875
0 0.73125 0.725 0.04375 0.0453125
0 0.1734375 0.1828125 0.053125 0.0484375
0 0.9828125 0.634375 0.034375 0.0640625