0 0.4625 0.04375 0.0375 0.040625
0 0.4 0.1296875 0.046875 0.04375
0 0.46875 0.4140625 0.05625 0.05
0 0.378125 0.24375 0.040625 0.065625
0 0.1578125 0.1015625 0.06875 0.0625
0 0.8421875 0.040625 0.071875 0.071875
0 0.371875 0.6484375 0.06875 0.06875
0 0.4359375 0.5296875 0.028125 0.0375
0 0.3671875 0.603125 0.03125 0.028125
0 0.1109375 0.4921875 0.04375 0.04375
0 0.4390625 0.7171875 0.059375 0.065625
0 0.4328125 0.9765625 0.0296875 0.0296875
0 0.0828125 0.540625 0.1125 0.0640625
0 0.640625 0.5140625 0.01875 0.06875
0 0.7390625 0.484375 0.06875 0.071875
0 0.6625 0.45625 0.06875 0.034375
0 0.61015625 0.98359375 0.0421875 0.0328125
0 0.6171875 0.9140625 0.0296875 0.11875