0 0.159375 0.0734375 0.053125 0.053125
0 0.1375 0.2375 0.08125 0.08125
0 0.03203125 0.4921875 0.0640625 0.06875
0 0.9703125 0.01640625 0.059375 0.0328125
0 0.86875 0.125 0.1046875 0.1046875
0 0.584375 0.40625 0.0875 0.0875
0 0.734375 0.05 0.0625 0.059375
0 0.515625 0.0203125 0.04375 0.021875
0 0.4328125 0.48828125 0.0875 0.0921875
0 0.21484375 0.73671875 0.3484375 0.3546875
0 0.29921875 0.81171875 0.1796875 0.3765625
0 0.98203125 0.7046875 0.0359375 0.046875
0 0.97734375 0.89921875 0.0453125 0.0546875
0 0.98515625 0.77734375 0.0296875 0.0453125
0 0.415625 0.79375 0.03125 0.03125
0 0.9671875 0.9703125 0.040625 0.0375