0 0.390625 0.321875 0.0734375 0.0703125
0 0.5515625 0.11875 0.015625 0.06875
0 0.84375 0.146875 0.0671875 0.0671875
0 0.921875 0.228125 0.05 0.0546875
0 0.975 0.4 0.05 0.0734375
0 0.659375 0.3875 0.0609375 0.05
0 0.6 0.134375 0.046875 0.0421875
0 0.7625 0.0453125 0.125 0.090625
0 0.35 0.990625 0.0921875 0.01875
0 0.240625 0.6 0.4328125 0.3203125
0 0.5453125 0.8125 0.028125 0.115625
0 0.00625 0.70859375 0.0125 0.0921875
0 0.38125 0.9359375 0.05625 0.0546875
0 0.3546875 0.534375 0.409375 0.1921875
0 0.3046875 0.971875 0.078125 0.05625
0 0.86875 0.45625 0.0609375 0.0359375