0 0.353125 0.0828125 0.059375 0.059375
0 0.434375 0.175 0.05 0.05
0 0.5375 0.3328125 0.09375 0.046875
0 0.2203125 0.5484375 0.040625 0.04375
0 0.2984375 0.634375 0.046875 0.05
0 0.0734375 0.90625 0.071875 0.071875
0 0.0171875 0.4171875 0.034375 0.0625
0 0.059375 0.353125 0.0515625 0.0640625
0 0.8671875 0.9375 0.071875 0.075
0 0.95546875 0.36171875 0.0890625 0.1046875
0 0.865625 0.4953125 0.1125 0.109375
0 0.95859375 0.35859375 0.0828125 0.0984375
0 0.934375 0.44375 0.103125 0.103125
0 0.85 0.4125 0.1 0.0875
0 0.9078125 0.4625 0.184375 0.15625