0 0.34375 0.0859375 0.1 0.1
0 0.725 0.0140625 0.028125 0.028125
0 0.56875 0.0984375 0.178125 0.196875
0 0.2578125 0.4875 0.071875 0.04375
0 0.1859375 0.41875 0.096875 0.096875
0 0.3984375 0.428125 0.034375 0.034375
0 0.0515625 0.353125 0.05625 0.053125
0 0.0921875 0.27890625 0.05 0.0203125
0 0.11015625 0.95234375 0.1296875 0.0953125
0 0.02890625 0.71171875 0.0578125 0.0953125
0 0.753125 0.56875 0.04375 0.084375
0 0.96875 0.4859375 0.0375 0.025
0 0.865625 0.27890625 0.04375 0.0203125
0 0.7328125 0.4171875 0.053125 0.0375
0 0.953125 0.9125 0.028125 0.021875
0 0.9453125 0.784375 0.034375 0.034375
0 0.9171875 0.484375 0.059375 0.271875