0 0.3 0.20625 0.04375 0.04375
0 0.340625 0.35 0.01875 0.028125
0 0.55703125 0.2921875 0.0453125 0.08125
0 0.8953125 0.3421875 0.0375 0.0375
0 0.8328125 0.39453125 0.046875 0.0296875
0 0.046875 0.90625 0.0875 0.084375
0 0.1109375 0.4921875 0.078125 0.075
0 0.1421875 0.559375 0.096875 0.096875
0 0.1640625 0.6375 0.0765625 0.08125
0 0.0546875 0.9796875 0.06875 0.040625
0 0.2421875 0.609375 0.06875 0.128125
0 0.3109375 0.9609375 0.0578125 0.0515625
0 0.86875 0.753125 0.053125 0.053125
0 0.6875 0.784375 0.05625 0.05625
0 0.7546875 0.765625 0.0390625 0.0359375
0 0.71875 0.778125 0.115625 0.053125
0 0.9546875 0.703125 0.01875 0.0546875