0 0.73125 0.1546875 0.059375 0.065625
0 0.315625 0.90625 0.078125 0.078125
0 0.2390625 0.5484375 0.0875 0.0875
0 0.25625 0.5390625 0.04375 0.053125
0 0.53125 0.3296875 0.025 0.065625
0 0.7609375 0.3234375 0.084375 0.084375
0 0.5890625 0.6015625 0.04375 0.04375
0 0.52890625 0.4609375 0.0203125 0.078125
0 0.6140625 0.3515625 0.0546875 0.0578125
0 0.9390625 0.4578125 0.0453125 0.0453125
0 0.58125 0.8546875 0.1140625 0.1140625
0 0.778125 0.6296875 0.103125 0.025
0 0.65625 0.7703125 0.040625 0.040625