0 0.8234375 0.1421875 0.059375 0.053125
0 0.515625 0.1140625 0.0375 0.034375
0 0.584375 0.128125 0.034375 0.034375
0 0.9203125 0.15 0.078125 0.0375
0 0.99140625 0.16015625 0.0171875 0.0421875
0 0.271875 0.5828125 0.075 0.075
0 0.271875 0.6921875 0.128125 0.121875
0 0.3078125 0.803125 0.040625 0.046875
0 0.290625 0.9375 0.071875 0.0734375
0 0.28828125 0.99609375 0.0984375 0.0078125
0 0.10625 0.4796875 0.03125 0.040625
0 0.0703125 0.596875 0.0671875 0.0671875
0 0.090625 0.5109375 0.0265625 0.021875
0 0.05 0.5546875 0.0328125 0.03125
0 0.97109375 0.9125 0.0578125 0.071875