0 0.4859375 0.134375 0.04375 0.0375
0 0.02578125 0.1 0.0515625 0.05625
0 0.11875 0.4875 0.075 0.046875
0 0.6421875 0.02421875 0.075 0.0484375
0 0.0171875 0.428125 0.034375 0.05
0 0.0078125 0.01796875 0.015625 0.0359375
0 0.6609375 0.01875 0.053125 0.0375
0 0.02109375 0.07265625 0.0421875 0.1453125
0 0.3046875 0.334375 0.05 0.0375
0 0.9375 0.3421875 0.040625 0.034375
0 0.9734375 0.8 0.046875 0.05
0 0.93125 0.6234375 0.046875 0.046875
0 0.8515625 0.5765625 0.0625 0.0625
0 0.8078125 0.54921875 0.021875 0.0203125