0 0.1203125 0.39375 0.04375 0.04375
0 0.4046875 0.059375 0.040625 0.075
0 0.2109375 0.14375 0.04375 0.04375
0 0.3921875 0.171875 0.090625 0.109375
0 0.721875 0.2109375 0.053125 0.05625
0 0.6359375 0.1984375 0.075 0.05
0 0.46171875 0.9796875 0.0609375 0.040625
0 0.6328125 0.9171875 0.0875 0.165625
0 0.98359375 0.98359375 0.0328125 0.0328125
0 0.834375 0.6578125 0.1046875 0.1375
0 0.9765625 0.5921875 0.046875 0.065625
0 0.9125 0.628125 0.1 0.071875
0 0.8203125 0.5953125 0.0640625 0.0546875
0 0.871875 0.6546875 0.1796875 0.13125