0 0.2609375 0.184375 0.03125 0.028125
0 0.4796875 0.0359375 0.071875 0.06875
0 0.3859375 0.0109375 0.065625 0.021875
0 0.4171875 0.1734375 0.053125 0.053125
0 0.3609375 0.01484375 0.1125 0.0296875
0 0.3875 0.1671875 0.090625 0.090625
0 0.0515625 0.0265625 0.1 0.053125
0 0.6078125 0.2359375 0.05 0.046875
0 0.646875 0.45 0.06875 0.06875
0 0.6453125 0.41875 0.025 0.03125
0 0.9015625 0.353125 0.0375 0.0375
0 0.65 0.471875 0.0265625 0.0484375
0 0.98515625 0.08984375 0.0296875 0.0234375
0 0.90625 0.340625 0.03125 0.06875
0 0.41875 0.5484375 0.0375 0.040625
0 0.590625 0.940625 0.046875 0.046875