0 0.4 0.0125 0.0453125 0.025
0 0.3015625 0.5390625 0.0453125 0.0453125
0 0.8515625 0.228125 0.1859375 0.165625
0 0.546875 0.553125 0.05 0.0296875
0 0.9640625 0.1875 0.071875 0.146875
0 0.921875 0.490625 0.05 0.0515625
0 0.9703125 0.178125 0.059375 0.0765625
0 0.9671875 0.1296875 0.065625 0.090625
0 0.240625 0.61875 0.0625 0.06875
0 0.346875 0.9828125 0.0640625 0.034375
0 0.3640625 0.6375 0.0515625 0.05
0 0.2625 0.9734375 0.08125 0.053125
0 0.215625 0.7609375 0.0921875 0.1015625
0 0.3640625 0.7125 0.0984375 0.0953125
0 0.3375 0.7125 0.1671875 0.1421875
0 0.496875 0.8796875 0.0140625 0.053125