0 0.49453125 0.125 0.0890625 0.1125
0 0.0296875 0.3390625 0.059375 0.06875
0 0.03203125 0.3359375 0.0640625 0.071875
0 0.134375 0.4171875 0.06875 0.065625
0 0.42734375 0.63046875 0.0890625 0.0171875
0 0.1828125 0.62109375 0.09375 0.0359375
0 0.503125 0.5953125 0.071875 0.078125
0 0.9390625 0.353125 0.121875 0.0625
0 0.54609375 0.1953125 0.0140625 0.0625
0 0.6671875 0.33125 0.05 0.05
0 0.0609375 0.7703125 0.075 0.075
0 0.0703125 0.8359375 0.03125 0.03125
0 0.49375 0.865625 0.090625 0.125
0 0.53125 0.8828125 0.015625 0.04375
0 0.49375 0.8265625 0.046875 0.046875
0 0.7765625 0.79375 0.153125 0.153125
0 0.7484375 0.71875 0.0875 0.0875
0 0.8921875 0.8265625 0.090625 0.090625
0 0.8828125 0.828125 0.075 0.065625