0 0.03671875 0.01328125 0.0734375 0.0265625
0 0.0625 0.0359375 0.096875 0.071875
0 0.66875 0.0125 0.040625 0.025
0 0.6671875 0.4296875 0.028125 0.0375
0 0.834375 0.25 0.04375 0.04375
0 0.6796875 0.128125 0.04375 0.04375
0 0.83125 0.3234375 0.04375 0.046875
0 0.6796875 0.2359375 0.0265625 0.05
0 0.825 0.30625 0.025 0.034375
0 0.6671875 0.378125 0.0296875 0.0203125
0 0.0265625 0.58046875 0.053125 0.0421875
0 0.1140625 0.7375 0.05 0.05
0 0.1703125 0.95 0.1 0.0875
0 0.146875 0.94375 0.046875 0.046875