0 0.48984375 0.2078125 0.0578125 0.125
0 0.184375 0.209375 0.125 0.06875
0 0.0421875 0.2171875 0.084375 0.075
0 0.0734375 0.1953125 0.065625 0.046875
0 0.359375 0.20625 0.13125 0.13125
0 0.95625 0.340625 0.0875 0.0875
0 0.409375 0.909375 0.078125 0.078125
0 0.36875 0.97890625 0.06875 0.0421875
0 0.040625 0.8265625 0.08125 0.08125
0 0.2125 0.8609375 0.075 0.075
0 0.434375 0.4890625 0.0328125 0.0328125
0 0.9078125 0.596875 0.0375 0.034375
0 0.6328125 0.9453125 0.028125 0.028125
0 0.7640625 0.5609375 0.021875 0.025