0 0.1046875 0.0359375 0.04375 0.05625
0 0.3578125 0.2171875 0.084375 0.08125
0 0.1765625 0.35 0.11875 0.11875
0 0.41640625 0.1453125 0.0265625 0.084375
0 0.2484375 0.246875 0.084375 0.084375
0 0.3921875 0.0859375 0.059375 0.059375
0 0.30625 0.1609375 0.0625 0.059375
0 0.1546875 0.49453125 0.096875 0.0703125
0 0.5625 0.4453125 0.075 0.075
0 0.6953125 0.51875 0.065625 0.021875
0 0.3953125 0.5671875 0.05625 0.059375
0 0.375 0.978125 0.028125 0.03125
0 0.1984375 0.971875 0.115625 0.05625
0 0.8578125 0.8484375 0.028125 0.028125
0 0.8359375 0.75625 0.053125 0.065625