0 0.0640625 0.1640625 0.046875 0.046875
0 0.075 0.1390625 0.075 0.103125
0 0.0875 0.1140625 0.04375 0.04375
0 0.2484375 0.3359375 0.065625 0.065625
0 0.24921875 0.59765625 0.0984375 0.0421875
0 0.8546875 0.4390625 0.034375 0.034375
0 0.615625 0.1546875 0.03125 0.034375
0 0.4828125 0.590625 0.046875 0.046875
0 0.6515625 0.2984375 0.021875 0.021875
0 0.2765625 0.9296875 0.10625 0.10625
0 0.2 0.86875 0.05625 0.05625
0 0.7390625 0.778125 0.05 0.05
0 0.8296875 0.8640625 0.059375 0.05625
0 0.503125 0.965625 0.0375 0.0375