0 0.16875 0.296875 0.059375 0.0625
0 0.078125 0.4109375 0.03125 0.025
0 0.0234375 0.41875 0.046875 0.034375
0 0.525 0.0671875 0.053125 0.053125
0 0.7921875 0.303125 0.08125 0.084375
0 0.7203125 0.2171875 0.0796875 0.0796875
0 0.82109375 0.40546875 0.0828125 0.0671875
0 0.6609375 0.26875 0.0453125 0.0703125
0 0.7359375 0.3546875 0.0578125 0.0578125
0 0.103125 0.603125 0.1375 0.1375
0 0.1265625 0.4640625 0.05625 0.05
0 0.5515625 0.8890625 0.053125 0.03125
0 0.8671875 0.8625 0.03125 0.028125
0 0.6625 0.8375 0.034375 0.034375
0 0.48125 0.56875 0.01875 0.028125
0 0.665625 0.5578125 0.0328125 0.0265625