0 0.3796875 0.378125 0.01875 0.046875
0 0.4515625 0.0921875 0.065625 0.06875
0 0.4375 0.203125 0.04375 0.0359375
0 0.065625 0.5015625 0.025 0.025
0 0.18125 0.940625 0.05 0.05
0 0.33125 0.98125 0.05625 0.0375
0 0.253125 0.97734375 0.078125 0.0453125
0 0.0390625 0.8609375 0.028125 0.028125
0 0.271875 0.928125 0.05625 0.0296875
0 0.265625 0.7890625 0.0375 0.0515625
0 0.196875 0.828125 0.0578125 0.040625
0 0.1375 0.721875 0.1 0.05625
0 0.803125 0.4765625 0.040625 0.034375
0 0.64375 0.7859375 0.040625 0.040625
0 0.940625 0.896875 0.021875 0.0234375
0 0.625 0.56875 0.0640625 0.0859375