0 0.1421875 0.1046875 0.078125 0.08125
0 0.0875 0.2359375 0.078125 0.075
0 0.196875 0.2640625 0.025 0.01875
0 0.1359375 0.215625 0.028125 0.028125
0 0.084375 0.0671875 0.040625 0.040625
0 0.965625 0.196875 0.06875 0.0875
0 0.534375 0.3625 0.06875 0.075
0 0.47265625 0.0703125 0.0671875 0.1125
0 0.503125 0.265625 0.0796875 0.09375
0 0.58125 0.40703125 0.015625 0.0234375
0 0.42265625 0.8609375 0.0328125 0.0625
0 0.2359375 0.596875 0.03125 0.10625
0 0.2359375 0.453125 0.03125 0.06875
0 0.265625 0.6203125 0.134375 0.13125
0 0.39375 0.8078125 0.0578125 0.0578125
0 0.47421875 0.49375 0.0703125 0.0875
0 0.7578125 0.43203125 0.084375 0.0265625
0 0.60390625 0.43671875 0.0796875 0.0359375
0 0.7921875 0.7484375 0.0375 0.034375