0 0.2640625 0.075 0.071875 0.06875
0 0.2671875 0.384375 0.075 0.075
0 0.496875 0.484375 0.1 0.06875
0 0.471875 0.2671875 0.078125 0.078125
0 0.4953125 0.3578125 0.040625 0.040625
0 0.2203125 0.8375 0.1375 0.1046875
0 0.1546875 0.675 0.065625 0.0859375
0 0.190625 0.759375 0.071875 0.1
0 0.1578125 0.8515625 0.0546875 0.0640625
0 0.2171875 0.8 0.13125 0.1796875
0 0.390625 0.6296875 0.021875 0.071875
0 0.6546875 0.85625 0.0875 0.0875
0 0.7171875 0.9515625 0.059375 0.05625
0 0.5578125 0.7890625 0.13125 0.13125
0 0.7421875 0.9703125 0.03125 0.059375
0 0.9359375 0.7140625 0.059375 0.05625