0 0.41875 0.1453125 0.04375 0.05
0 0.13125 0.06875 0.075 0.05
0 0.25 0.54375 0.034375 0.03125
0 0.47890625 0.0875 0.0421875 0.1
0 0.675 0.2171875 0.109375 0.0375
0 0.540625 0.2109375 0.04375 0.04375
0 0.946875 0.0375 0.0375 0.0375
0 0.825 0.1453125 0.0625 0.0625
0 0.484375 0.771875 0.03125 0.028125
0 0.0421875 0.8046875 0.0390625 0.034375
0 0.2265625 0.8171875 0.0640625 0.03125
0 0.790625 0.70625 0.040625 0.03125
0 0.79375 0.8625 0.05 0.05
0 0.8296875 0.6765625 0.03125 0.034375
0 0.54375 0.6375 0.021875 0.021875
0 0.7875 0.88125 0.05625 0.05625