0 0.3375 0.23125 0.071875 0.071875
0 0.459375 0.628125 0.0453125 0.0203125
0 0.17109375 0.0125 0.0859375 0.025
0 0.0921875 0.6265625 0.071875 0.025
0 0.3125 0.334375 0.11875 0.11875
0 0.80625 0.43125 0.0484375 0.0484375
0 0.821875 0.459375 0.075 0.075
0 0.559375 0.76875 0.01875 0.0703125
0 0.559375 0.75625 0.0171875 0.0515625
0 0.9859375 0.7640625 0.028125 0.05625
0 0.9921875 0.81875 0.015625 0.05625
0 0.8375 0.709375 0.0671875 0.0671875
0 0.83125 0.7703125 0.0390625 0.0390625
0 0.96171875 0.69296875 0.0765625 0.1078125