0 0.184375 0.1515625 0.078125 0.046875
0 0.084375 0.0359375 0.065625 0.046875
0 0.221875 0.1453125 0.10625 0.10625
0 0.4734375 0.1578125 0.0375 0.03125
0 0.8359375 0.3953125 0.071875 0.05625
0 0.653125 0.0390625 0.053125 0.053125
0 0.53515625 0.13203125 0.0703125 0.1015625
0 0.528125 0.0484375 0.0546875 0.0671875
0 0.621875 0.1859375 0.0421875 0.0421875
0 0.94296875 0.1765625 0.1140625 0.0625
0 0.81875 0.1703125 0.140625 0.0765625
0 0.8265625 0.171875 0.10625 0.071875
0 0.7265625 0.1125 0.1125 0.1375
0 0.8203125 0.1234375 0.1328125 0.0890625
0 0.0328125 0.7609375 0.065625 0.0875
0 0.1390625 0.5203125 0.071875 0.021875
0 0.03203125 0.8484375 0.0640625 0.06875
0 0.2859375 0.815625 0.05625 0.05625