0 0.56015625 0.2765625 0.0578125 0.065625
0 0.3453125 0.140625 0.121875 0.121875
0 0.3390625 0.29375 0.115625 0.115625
0 0.340625 0.2859375 0.09375 0.09375
0 0.28125 0.35546875 0.128125 0.0671875
0 0.2921875 0.2921875 0.090625 0.1375
0 0.93515625 0.228125 0.1296875 0.128125
0 0.8546875 0.3453125 0.171875 0.0875
0 0.94140625 0.221875 0.1171875 0.13125
0 0.8546875 0.290625 0.0625 0.0625
0 0.753125 0.1796875 0.040625 0.040625
0 0.76875 0.35 0.084375 0.078125
0 0.47890625 0.4734375 0.2203125 0.16875
0 0.421875 0.603125 0.05 0.053125
0 0.7265625 0.515625 0.034375 0.0375