0 0.009375 0.096875 0.01875 0.04375
0 0.34375 0.1421875 0.0375 0.0625
0 0.209375 0.2359375 0.1125 0.10625
0 0.21875 0.1515625 0.0625 0.0625
0 0.3125 0.2890625 0.046875 0.046875
0 0.471875 0.2734375 0.034375 0.1125
0 0.4765625 0.275 0.025 0.071875
0 0.4171875 0.215625 0.115625 0.140625
0 0.46484375 0.2265625 0.0484375 0.096875
0 0.740625 0.0875 0.04375 0.040625
0 0.6 0.01875 0.075 0.0375
0 0.5046875 0.1125 0.03125 0.059375
0 0.596875 0.4375 0.046875 0.046875
0 0.9671875 0.0796875 0.065625 0.115625
0 0.76875 0.2765625 0.0625 0.065625
0 0.909375 0.1546875 0.040625 0.040625
0 0.878125 0.0078125 0.05625 0.015625
0 0.15625 0.88125 0.096875 0.096875
0 0.065625 0.48125 0.025 0.025
0 0.784375 0.6515625 0.03125 0.03125