0 0.97890625 0.1359375 0.0421875 0.034375
0 0.8765625 0.215625 0.040625 0.040625
0 0.015625 0.95625 0.03125 0.0375
0 0.2546875 0.9703125 0.059375 0.059375
0 0.1453125 0.9671875 0.0703125 0.0484375
0 0.01796875 0.95859375 0.0359375 0.0296875
0 0.2296875 0.884375 0.071875 0.05625
0 0.053125 0.9609375 0.10625 0.028125
0 0.9453125 0.7953125 0.06875 0.015625
0 0.9453125 0.5875 0.0375 0.034375
0 0.9328125 0.64375 0.05 0.046875
0 0.49375 0.6828125 0.040625 0.084375
0 0.8609375 0.5578125 0.03125 0.03125
0 0.7703125 0.51640625 0.04375 0.0328125
0 0.8453125 0.6765625 0.053125 0.053125