0 0.0328125 0.38125 0.046875 0.0546875
0 0.3859375 0.1125 0.0359375 0.0359375
0 0.3734375 0.2796875 0.0375 0.0390625
0 0.828125 0.178125 0.0265625 0.034375
0 0.9765625 0.2484375 0.025 0.0359375
0 0.6484375 0.709375 0.03125 0.028125
0 0.0234375 0.534375 0.0375 0.078125
0 0.51875 0.4 0.0359375 0.0375
0 0.96875 0.146875 0.028125 0.034375
0 0.5234375 0.10625 0.03125 0.025
0 0.046875 0.28125 0.034375 0.04375
0 0.7171875 0.196875 0.0296875 0.021875
0 0.0171875 0.496875 0.034375 0.040625
0 0.1765625 0.6578125 0.0484375 0.040625