0 0.259375 0.228125 0.0875 0.0875
0 0.2640625 0.3640625 0.040625 0.03125
0 0.26875 0.0703125 0.03125 0.040625
0 0.353125 0.2765625 0.034375 0.034375
0 0.4828125 0.4359375 0.065625 0.065625
0 0.24375 0.51015625 0.075 0.0578125
0 0.8046875 0.1484375 0.0625 0.071875
0 0.6125 0.0796875 0.103125 0.103125
0 0.6484375 0.1828125 0.075 0.071875
0 0.7734375 0.0515625 0.084375 0.096875
0 0.8515625 0.23125 0.059375 0.059375
0 0.58046875 0.403125 0.0609375 0.06875
0 0.5671875 0.3984375 0.034375 0.046875
0 0.0515625 0.5671875 0.1 0.05625
0 0.4125 0.7 0.0375 0.0375
0 0.38125 0.859375 0.078125 0.078125
0 0.040625 0.96484375 0.08125 0.0703125
0 0.0703125 0.946875 0.0515625 0.0515625
0 0.23125 0.8265625 0.0578125 0.0578125
0 0.2828125 0.95625 0.20625 0.0875
0 0.6140625 0.7390625 0.10625 0.10625