0 0.0125 0.09609375 0.025 0.0578125
0 0.025 0.04609375 0.05 0.0546875
0 0.565625 0.315625 0.0484375 0.0515625
0 0.15625 0.421875 0.0578125 0.0578125
0 0.453125 0.6890625 0.0765625 0.0875
0 0.315625 0.9109375 0.0453125 0.0453125
0 0.196875 0.94375 0.046875 0.0484375
0 0.0953125 0.5171875 0.0515625 0.059375
0 0.0703125 0.7 0.0578125 0.0703125
0 0.384375 0.61875 0.059375 0.0421875
0 0.390625 0.359375 0.0453125 0.0375
0 0.203125 0.321875 0.096875 0.0640625
0 0.5328125 0.465625 0.065625 0.0703125
0 0.6984375 0.9453125 0.0453125 0.0453125
0 0.78125 0.878125 0.0828125 0.109375
0 0.728125 0.503125 0.03125 0.03125
0 0.80625 0.3578125 0.05 0.05
0 0.61875 0.95 0.028125 0.0296875