0 0.2671875 0.04375 0.2625 0.0875
0 0.1484375 0.078125 0.08125 0.08125
0 0.4140625 0.35625 0.15 0.15
0 0.3015625 0.0171875 0.1 0.034375
0 0.9765625 0.053125 0.046875 0.059375
0 0.675 0.025 0.034375 0.040625
0 0.74375 0.0390625 0.0375 0.0375
0 0.540625 0.01953125 0.0625 0.0390625
0 0.3078125 0.91875 0.0625 0.0625
0 0.39375 0.9234375 0.046875 0.046875
0 0.4390625 0.75625 0.053125 0.05625
0 0.5046875 0.8703125 0.009375 0.028125
0 0.14375 0.7296875 0.0125 0.05
0 0.7515625 0.8796875 0.090625 0.090625
0 0.8375 0.5875 0.08125 0.078125
0 0.74375 0.9859375 0.06875 0.028125
0 0.83125 0.740625 0.08125 0.08125