0 0.2390625 0.40625 0.1625 0.0875
0 0.1984375 0.35 0.0875 0.0875
0 0.3015625 0.43515625 0.06875 0.0296875
0 0.2359375 0.415625 0.125 0.06875
0 0.6296875 0.2703125 0.1875 0.1875
0 0.578125 0.246875 0.065625 0.065625
0 0.990625 0.303125 0.01875 0.04375
0 0.01875 0.7546875 0.0375 0.090625
0 0.0171875 0.628125 0.034375 0.06875
0 0.0140625 0.525 0.028125 0.04375
0 0.26875 0.60625 0.059375 0.059375
0 0.628125 0.4765625 0.05 0.053125
0 0.834375 0.5578125 0.0375 0.04375
0 0.81875 0.6859375 0.05625 0.05625
0 0.9578125 0.571875 0.04375 0.034375