0 0.1625 0.815625 0.0640625 0.0640625
0 0.15625 0.565625 0.0796875 0.0796875
0 0.0375 0.796875 0.0734375 0.0765625
0 0.434375 0.7375 0.0328125 0.0484375
0 0.0859375 0.859375 0.0671875 0.0640625
0 0.29375 0.825 0.075 0.071875
0 0.1703125 0.2875 0.0875 0.0578125
0 0.184375 0.7125 0.0578125 0.0546875
0 0.290625 0.3875 0.0453125 0.0453125
0 0.6875 0.7453125 0.1140625 0.1140625
0 0.99375 0.340625 0.0125 0.0484375
0 0.4625 0.5484375 0.025 0.103125
0 0.6546875 0.95 0.046875 0.0453125
0 0.603125 0.6703125 0.040625 0.040625
0 0.571875 0.8375 0.0546875 0.0546875