0 0.4578125 0.36875 0.04375 0.04375
0 0.52890625 0.50078125 0.0421875 0.0578125
0 0.1078125 0.509375 0.046875 0.040625
0 0.465625 0.115625 0.121875 0.121875
0 0.26875 0.340625 0.103125 0.025
0 0.390625 0.2 0.040625 0.040625
0 0.53984375 0.23125 0.0203125 0.05625
0 0.8203125 0.428125 0.028125 0.0375
0 0.609375 0.50234375 0.10625 0.0546875
0 0.803125 0.515625 0.0625 0.028125
0 0.6375 0.21875 0.10625 0.1
0 0.1671875 0.80625 0.06875 0.01875
0 0.1796875 0.9578125 0.053125 0.05
0 0.109375 0.590625 0.08125 0.08125
0 0.2671875 0.925 0.05 0.05
0 0.63125 0.81875 0.053125 0.053125
0 0.5734375 0.815625 0.046875 0.046875
0 0.890625 0.8 0.078125 0.078125
0 0.921875 0.56953125 0.10625 0.0796875