0 0.3890625 0.034375 0.10625 0.06875
0 0.59765625 0.2390625 0.0828125 0.134375
0 0.4546875 0.1 0.04375 0.04375
0 0.78125 0.209375 0.065625 0.0375
0 0.98828125 0.05546875 0.0234375 0.0453125
0 0.68828125 0.07421875 0.0984375 0.1046875
0 0.771875 0.084375 0.0671875 0.0546875
0 0.646875 0.17734375 0.015625 0.0421875
0 0.7078125 0.2828125 0.1375 0.1125
0 0.69609375 0.32421875 0.0890625 0.0296875
0 0.0375 0.7203125 0.046875 0.046875
0 0.8109375 0.7578125 0.06875 0.0125
0 0.8109375 0.55 0.034375 0.034375
0 0.8234375 0.60625 0.05 0.053125
0 0.753125 0.96796875 0.078125 0.0640625
0 0.8953125 0.5203125 0.034375 0.034375
0 0.98203125 0.4734375 0.0359375 0.04375
0 0.9109375 0.6390625 0.053125 0.053125