0 0.0734375 0.04140625 0.10625 0.0828125
0 0.1296875 0.0640625 0.128125 0.078125
0 0.165625 0.1890625 0.109375 0.1125
0 0.2640625 0.63203125 0.08125 0.0359375
0 0.3 0.2 0.046875 0.046875
0 0.2015625 0.2171875 0.040625 0.04375
0 0.1546875 0.4921875 0.059375 0.05625
0 0.1453125 0.1171875 0.059375 0.059375
0 0.0984375 0.4890625 0.128125 0.128125
0 0.7046875 0.4 0.05 0.046875
0 0.6125 0.528125 0.028125 0.075
0 0.4 0.91875 0.075 0.075
0 0.4 0.98203125 0.13125 0.0359375
0 0.234375 0.7921875 0.03125 0.0875
0 0.23125 0.7078125 0.0390625 0.05
0 0.1984375 0.9328125 0.0671875 0.0671875
0 0.21875 0.846875 0.0265625 0.021875
0 0.178125 0.890625 0.0328125 0.03125