0 0.08125 0.071875 0.0875 0.0875
0 0.553125 0.121875 0.071875 0.071875
0 0.221875 0.1 0.1125 0.046875
0 0.440625 0.125 0.025 0.034375
0 0.77734375 0.2375 0.0765625 0.128125
0 0.796875 0.0671875 0.05 0.046875
0 0.74609375 0.3 0.0140625 0.04375
0 0.546875 0.5953125 0.05 0.03125
0 0.1328125 0.92421875 0.171875 0.1515625
0 0.1578125 0.6 0.096875 0.040625
0 0.165625 0.753125 0.059375 0.06875
0 0.1703125 0.659375 0.0375 0.09375
0 0.5515625 0.853125 0.05625 0.14375
0 0.1015625 0.5984375 0.034375 0.0375
0 0.1734375 0.64140625 0.065625 0.1234375
0 0.1734375 0.95 0.059375 0.059375
0 0.76875 0.8109375 0.059375 0.10625