0 0.4234375 0.3640625 0.06875 0.06875
0 0.0921875 0.3859375 0.08125 0.08125
0 0.3109375 0.3609375 0.03125 0.03125
0 0.39375 0.49375 0.040625 0.0125
0 0.7578125 0.021875 0.053125 0.04375
0 0.49453125 0.10625 0.0515625 0.053125
0 0.64375 0.2859375 0.046875 0.046875
0 0.4828125 0.2734375 0.028125 0.040625
0 0.1171875 0.53203125 0.06875 0.0640625
0 0.68125 0.88125 0.121875 0.096875
0 0.8765625 0.6125 0.065625 0.065625
0 0.7875 0.80625 0.065625 0.059375
0 0.8296875 0.7453125 0.075 0.078125
0 0.821875 0.75625 0.04375 0.046875
0 0.58125 0.803125 0.05625 0.05625