0 0.0484375 0.01875 0.096875 0.0375
0 0.171875 0.046875 0.1046875 0.0921875
0 0.60625 0.0765625 0.05625 0.05625
0 0.328125 0.021875 0.05625 0.04375
0 0.975 0.2484375 0.0484375 0.0484375
0 0.8625 0.05625 0.034375 0.03125
0 0.4390625 0.290625 0.1 0.0359375
0 0.13125 0.7390625 0.090625 0.090625
0 0.215625 0.3578125 0.078125 0.078125
0 0.0125 0.68671875 0.025 0.1234375
0 0.00625 0.571875 0.0125 0.0484375
0 0.2015625 0.5125 0.0609375 0.0484375
0 0.95625 0.990625 0.0640625 0.0171875
0 0.7765625 0.4875 0.0640625 0.0640625
0 0.69375 0.7328125 0.0453125 0.0453125
0 0.696875 0.4703125 0.0453125 0.0453125
0 0.70625 0.45625 0.071875 0.075
0 0.853125 0.5640625 0.05 0.0515625