0 0.6203125 0.41953125 0.0375 0.0796875
0 0.3203125 0.1703125 0.0375 0.034375
0 0.840625 0.3671875 0.109375 0.109375
0 0.76875 0.41640625 0.175 0.0859375
0 0.865625 0.2140625 0.09375 0.159375
0 0.665625 0.1015625 0.053125 0.084375
0 0.7 0.1140625 0.040625 0.0375
0 0.1140625 0.828125 0.090625 0.090625
0 0.01953125 0.875 0.0390625 0.06875
0 0.4234375 0.840625 0.065625 0.0625
0 0.44921875 0.48359375 0.0515625 0.0484375
0 0.7234375 0.54453125 0.16875 0.1703125
0 0.959375 0.5109375 0.065625 0.065625
0 0.6640625 0.95546875 0.05 0.0890625
0 0.7359375 0.5828125 0.084375 0.040625
0 0.9140625 0.95 0.040625 0.0375