0 0.81875 0.2421875 0.0484375 0.0640625
0 0.8328125 0.134375 0.1109375 0.0703125
0 0.1296875 0.7828125 0.0359375 0.040625
0 0.2203125 0.590625 0.040625 0.059375
0 0.55625 0.8984375 0.028125 0.015625
0 0.4546875 0.5984375 0.0375 0.034375
0 0.890625 0.5234375 0.0328125 0.0328125
0 0.81875 0.6828125 0.0296875 0.03125
0 0.2125 0.1125 0.04375 0.0359375
0 0.371875 0.2390625 0.05625 0.0390625
0 0.9875 0.7140625 0.0234375 0.046875
0 0.8234375 0.6265625 0.028125 0.04375
0 0.246875 0.5796875 0.09375 0.096875