0 0.9484375 0.48984375 0.0625 0.0390625
0 0.653125 0.49765625 0.025 0.0234375
0 0.6796875 0.0453125 0.075 0.090625
0 0.82890625 0.028125 0.1359375 0.05625
0 0.8734375 0.0953125 0.0578125 0.059375
0 0.128125 0.978125 0.040625 0.04375
0 0.14375 0.5390625 0.034375 0.059375
0 0.6765625 0.8171875 0.053125 0.053125
0 0.98515625 0.53125 0.0296875 0.04375
0 0.84375 0.7453125 0.040625 0.05625
0 0.69375 0.7625 0.034375 0.034375
0 0.740625 0.6484375 0.034375 0.034375
0 0.878125 0.846875 0.0296875 0.0296875