0 0.409375 0.5140625 0.03125 0.0375
0 0.00625 0.225 0.0125 0.059375
0 0.2328125 0.2484375 0.08125 0.04375
0 0.2015625 0.2546875 0.025 0.025
0 0.65 0.0890625 0.05 0.053125
0 0.7625 0.4625 0.078125 0.090625
0 0.83125 0.3921875 0.059375 0.0421875
0 0.825 0.1328125 0.0453125 0.0375
0 0.98203125 0.09453125 0.0359375 0.0640625
0 0.6828125 0.2390625 0.065625 0.0703125
0 0.9625 0.6984375 0.075 0.0875
0 0.85 0.9640625 0.078125 0.071875
0 0.771875 0.965625 0.065625 0.06875
0 0.703125 0.66015625 0.05625 0.0203125