0 0.13125 0.0625 0.0875 0.0875
0 0.2125 0.1375 0.0625 0.0625
0 0.2625 0.2109375 0.046875 0.0375
0 0.7984375 0.075 0.04375 0.04375
0 0.8015625 0.18125 0.04375 0.0375
0 0.56875 0.1046875 0.078125 0.0625
0 0.95 0.0640625 0.034375 0.034375
0 0.659375 0.165625 0.0203125 0.0203125
0 0.80078125 0.196875 0.0453125 0.065625
0 0.96640625 0.0828125 0.0671875 0.053125
0 0.084375 0.7046875 0.03125 0.028125
0 0.7375 0.4625 0.059375 0.059375
0 0.46875 0.459375 0.059375 0.071875
0 0.875 0.4734375 0.075 0.040625
0 0.89375 0.2390625 0.040625 0.01875