0 0.1125 0.0125 0.0359375 0.0234375
0 0.24375 0.33125 0.0296875 0.0421875
0 0.171875 0.34375 0.0890625 0.0671875
0 0.0421875 0.421875 0.046875 0.0328125
0 0.91875 0.1796875 0.05625 0.0671875
0 0.659375 0.159375 0.046875 0.046875
0 0.903125 0.259375 0.04375 0.04375
0 0.91875 0.25625 0.06875 0.06875
0 0.8765625 0.078125 0.05 0.046875
0 0.009375 0.63984375 0.01875 0.0796875
0 0.053125 0.7125 0.0796875 0.0796875
0 0.1640625 0.784375 0.0421875 0.0375
0 0.1734375 0.725 0.0734375 0.0734375
0 0.2484375 0.7390625 0.021875 0.034375
0 0.46875 0.571875 0.0609375 0.0609375