0 0.3046875 0.1171875 0.05625 0.05625
0 0.315625 0.2546875 0.04375 0.075
0 0.0703125 0.2734375 0.0375 0.0375
0 0.41875 0.26875 0.0375 0.053125
0 0.76875 0.58125 0.084375 0.08125
0 0.7765625 0.6703125 0.059375 0.059375
0 0.8453125 0.25 0.0734375 0.1171875
0 0.8171875 0.23125 0.0171875 0.0515625
0 0.8265625 0.66640625 0.034375 0.0671875
0 0.69765625 0.953125 0.1046875 0.09375
0 0.8609375 0.909375 0.0859375 0.065625
0 0.7765625 0.9453125 0.1 0.071875
0 0.684375 0.9125 0.0640625 0.0546875
0 0.73515625 0.953125 0.1796875 0.09375