0 0.11875 0.528125 0.075 0.0625
0 0.0875 0.5390625 0.034375 0.034375
0 0.01171875 0.2875 0.0234375 0.040625
0 0.140625 0.53125 0.046875 0.046875
0 0.0109375 0.2875 0.021875 0.0625
0 0.50078125 0.27890625 0.0234375 0.1171875
0 0.50859375 0.29375 0.0390625 0.0625
0 0.365625 0.57265625 0.05625 0.0265625
0 0.090625 0.8578125 0.028125 0.028125
0 0.0828125 0.6296875 0.05625 0.05625
0 0.278125 0.6390625 0.0625 0.0625
0 0.0375 0.6875 0.0625 0.0625
0 0.209375 0.7203125 0.05625 0.059375
0 0.053125 0.6796875 0.046875 0.046875
0 0.125 0.8359375 0.0375 0.0375
0 0.64296875 0.99296875 0.0578125 0.0140625
0 0.825 0.5671875 0.0625 0.015625