0 0.465625 0.2515625 0.0390625 0.059375
0 0.890625 0.1171875 0.046875 0.0453125
0 0.8875 0.290625 0.040625 0.0859375
0 0.8640625 0.75625 0.05625 0.1078125
0 0.6546875 0.3328125 0.046875 0.0578125
0 0.8234375 0.8609375 0.046875 0.0640625
0 0.85 0.64375 0.028125 0.0328125
0 0.4265625 0.465625 0.034375 0.0921875
0 0.428125 0.434375 0.025 0.03125
0 0.171875 0.36875 0.03125 0.0359375
0 0.903125 0.5140625 0.040625 0.0421875
0 0.79375 0.890625 0.0609375 0.0296875
0 0.4234375 0.4875 0.0265625 0.0484375
0 0.884375 0.3828125 0.025 0.0359375
0 0.0875 0.10625 0.03125 0.0234375
0 0.1671875 0.35625 0.03125 0.06875
0 0.63125 0.615625 0.05625 0.0875