0 0.396875 0.25 0.04375 0.0734375
0 0.31875 0.0671875 0.05 0.05
0 0.50625 0.15 0.0453125 0.046875
0 0.7796875 0.390625 0.071875 0.075
0 0.971875 0.4625 0.05625 0.0625
0 0.50625 0.409375 0.05625 0.0578125
0 0.75625 0.21875 0.121875 0.121875
0 0.9625 0.4 0.0515625 0.053125
0 0.696875 0.28125 0.0578125 0.06875
0 0.8640625 0.259375 0.04375 0.046875
0 0.0953125 0.859375 0.05625 0.053125
0 0.23125 0.828125 0.0375 0.0375
0 0.9078125 0.740625 0.0875 0.0796875
0 0.8203125 0.734375 0.075 0.0671875
0 0.721875 0.6625 0.0546875 0.0546875