0 0.190625 0.05078125 0.15625 0.1015625
0 0.97109375 0.0390625 0.0578125 0.078125
0 0.8828125 0.00859375 0.034375 0.0171875
0 0.75 0.046875 0.046875 0.05
0 0.484375 0.2421875 0.04375 0.046875
0 0.5296875 0.2734375 0.071875 0.1171875
0 0.9609375 0.10625 0.078125 0.040625
0 0.9484375 0.52890625 0.103125 0.0796875
0 0.8671875 0.4046875 0.0515625 0.146875
0 0.8765625 0.3265625 0.059375 0.303125
0 0.0515625 0.80625 0.034375 0.034375
0 0.125 0.659375 0.046875 0.0453125
0 0.49375 0.7953125 0.065625 0.065625