0 0.028125 0.0171875 0.05625 0.034375
0 0.7875 0.2984375 0.103125 0.103125
0 0.89375 0.265625 0.0671875 0.0515625
0 0.675 0.2765625 0.034375 0.0296875
0 0.5421875 0.3203125 0.0453125 0.04375
0 0.925 0.2375 0.034375 0.0625
0 0.6625 0.05625 0.090625 0.0625
0 0.090625 0.578125 0.059375 0.059375
0 0.2765625 0.515625 0.04375 0.046875
0 0.00625 0.4671875 0.0125 0.0625
0 0.171875 0.965625 0.0265625 0.0265625
0 0.321875 0.546875 0.071875 0.1171875
0 0.765625 0.3796875 0.1015625 0.040625
0 0.7484375 0.821875 0.1171875 0.1171875
0 0.659375 0.678125 0.0515625 0.146875
0 0.66875 0.6 0.059375 0.303125