0 0.1796875 0.66875 0.075 0.05625
0 0.509375 0.6671875 0.0390625 0.046875
0 0.4359375 0.603125 0.0796875 0.0390625
0 0.66875 0.653125 0.040625 0.0515625
0 0.1328125 0.5828125 0.0703125 0.0390625
0 0.8046875 0.625 0.0828125 0.0390625
0 0.2984375 0.14375 0.478125 0.1
0 0.296875 0.615625 0.0484375 0.0609375
0 0.7859375 0.8828125 0.05 0.0453125
0 0.6453125 0.721875 0.053125 0.046875
0 0.909375 0.84375 0.028125 0.0390625
0 0.8875 0.228125 0.1921875 0.0671875
0 0.0296875 0.8796875 0.0578125 0.053125
0 0.0265625 0.5703125 0.053125 0.0359375
0 0.6234375 0.1859375 0.1484375 0.0765625
0 0.3875 0.871875 0.0234375 0.0265625