0 0.10625 0.475 0.06875 0.065625
0 0.1078125 0.1453125 0.046875 0.040625
0 0.171875 0.21875 0.059375 0.059375
0 0.1921875 0.521875 0.059375 0.059375
0 0.159375 0.3578125 0.059375 0.059375
0 0.053125 0.01796875 0.053125 0.0359375
0 0.2046875 0.6171875 0.046875 0.025
0 0.9328125 0.28125 0.040625 0.040625
0 0.7109375 0.5390625 0.034375 0.03125
0 0.5828125 0.3078125 0.046875 0.046875
0 0.846875 0.30625 0.025 0.028125
0 0.4296875 0.96484375 0.071875 0.0703125
0 0.0328125 0.7796875 0.065625 0.071875
0 0.246875 0.8703125 0.0375 0.0375