0 0.33125 0.4328125 0.0484375 0.0484375
0 0.4171875 0.5234375 0.0578125 0.0546875
0 0.51875 0.196875 0.040625 0.03125
0 0.70625 0.1828125 0.028125 0.034375
0 0.834375 0.496875 0.046875 0.0375
0 0.48046875 0.97421875 0.0859375 0.0515625
0 0.009375 0.675 0.01875 0.0453125
0 0.7890625 0.8015625 0.065625 0.065625
0 0.79375 0.9265625 0.0453125 0.0453125
0 0.8 0.56875 0.0671875 0.01875
0 0.79375 0.65625 0.05625 0.075
0 0.7875 0.7859375 0.034375 0.0453125
0 0.884375 0.590625 0.0640625 0.0609375
0 0.7890625 0.75 0.0390625 0.1109375