0 0.59375 0.2375 0.10625 0.10625
0 0.56875 0.034375 0.059375 0.059375
0 0.165625 0.228125 0.075 0.075
0 0.221875 0.275 0.0921875 0.0921875
0 0.365625 0.384375 0.0875 0.0875
0 0.1859375 0.24375 0.1671875 0.1671875
0 0.678125 0.0171875 0.0359375 0.034375
0 0.06875 0.61875 0.053125 0.053125
0 0.4 0.771875 0.0765625 0.0765625
0 0.546875 0.91875 0.0609375 0.0609375
0 0.3078125 0.5125 0.0515625 0.053125
0 0.234375 0.81875 0.1296875 0.1296875
0 0.484375 0.9328125 0.0578125 0.0578125
0 0.2671875 0.7390625 0.075 0.075
0 0.315625 0.9 0.0578125 0.0578125