0 0.3640625 0.3328125 0.065625 0.065625
0 0.1390625 0.4015625 0.04375 0.046875
0 0.0703125 0.4328125 0.05 0.034375
0 0.02578125 0.334375 0.0515625 0.084375
0 0.375 0.4171875 0.059375 0.059375
0 0.93125 0.3 0.040625 0.053125
0 0.7328125 0.296875 0.034375 0.034375
0 0.365625 0.503125 0.140625 0.10625
0 0.425 0.9625 0.065625 0.065625
0 0.290625 0.91875 0.11875 0.115625
0 0.690625 0.7765625 0.075 0.06875
0 0.62265625 0.95703125 0.1078125 0.0859375
0 0.725 0.9328125 0.075 0.075
0 0.6046875 0.8078125 0.071875 0.09375
0 0.7734375 0.7296875 0.05625 0.05625
0 0.9453125 0.9796875 0.046875 0.040625