0 0.290625 0.1796875 0.06875 0.06875
0 0.375 0.234375 0.025 0.028125
0 0.8140625 0.35 0.05 0.046875
0 0.59375 0.659375 0.065625 0.059375
0 0.91875 0.3203125 0.0703125 0.0421875
0 0.8625 0.5 0.053125 0.05625
0 0.8515625 0.421875 0.0453125 0.078125
0 0.734375 0.2078125 0.028125 0.028125
0 0.8015625 0.440625 0.0296875 0.05625
0 0.7625 0.675 0.0828125 0.0296875
0 0.6625 0.434375 0.0515625 0.0375
0 0.7015625 0.365625 0.040625 0.0578125
0 0.5953125 0.30625 0.05625 0.1
0 0.678125 0.6703125 0.075 0.0375
0 0.0203125 0.8671875 0.03125 0.034375
0 0.0609375 0.7328125 0.034375 0.028125
0 0.6 0.94375 0.0625 0.0625