0 0.240625 0.1625 0.075 0.075
0 0.32734375 0.4828125 0.0453125 0.034375
0 0.246875 0.0484375 0.040625 0.040625
0 0.2796875 0.01875 0.053125 0.0375
0 0.5875 0.275 0.04375 0.04375
0 0.628125 0.41875 0.01875 0.028125
0 0.8609375 0.3609375 0.075 0.075
0 0.96875 0.065625 0.040625 0.040625
0 0.2171875 0.51015625 0.090625 0.0203125
0 0.2671875 0.946875 0.046875 0.09375
0 0.2453125 0.615625 0.078125 0.078125
0 0.0765625 0.55 0.075 0.06875
0 0.2703125 0.834375 0.0328125 0.025
0 0.0515625 0.7109375 0.034375 0.0859375
0 0.1234375 0.9171875 0.0359375 0.0421875
0 0.046875 0.7390625 0.03125 0.03125
0 0.5703125 0.51796875 0.0875 0.0359375
0 0.6328125 0.5859375 0.059375 0.05625
0 0.6578125 0.61875 0.05625 0.05625
0 0.934375 0.5171875 0.046875 0.034375