0 0.0265625 0.2015625 0.05 0.09375
0 0.0328125 0.315625 0.034375 0.053125
0 0.065625 0.353125 0.0625 0.046875
0 0.0078125 0.49296875 0.015625 0.0328125
0 0.9484375 0.01171875 0.071875 0.0234375
0 0.875 0.4171875 0.1 0.090625
0 0.7609375 0.425 0.04375 0.059375
0 0.25 0.55 0.0375 0.065625
0 0.1359375 0.671875 0.0546875 0.046875
0 0.21015625 0.98984375 0.0484375 0.0203125
0 0.5375 0.709375 0.16875 0.134375
0 0.509375 0.634375 0.08125 0.0875
0 0.653125 0.7421875 0.115625 0.071875
0 0.64375 0.74375 0.078125 0.065625