0 0.20625 0.1359375 0.0375 0.0375
0 0.4015625 0.2203125 0.053125 0.065625
0 0.4015625 0.1125 0.084375 0.071875
0 0.98984375 0.55390625 0.0203125 0.0296875
0 0.765625 0.5640625 0.0375 0.009375
0 0.99296875 0.08984375 0.0140625 0.0359375
0 0.8484375 0.2171875 0.05625 0.0390625
0 0.96328125 0.5390625 0.0734375 0.059375
0 0.703125 0.8671875 0.040625 0.053125
0 0.4140625 0.825 0.021875 0.021875
0 0.5640625 0.8375 0.05 0.05
0 0.6 0.7296875 0.01875 0.015625
0 0.5578125 0.71875 0.021875 0.01875
0 0.609375 0.809375 0.021875 0.01875
0 0.7015625 0.9375 0.028125 0.025