0 0.3234375 0.4109375 0.046875 0.046875
0 0.59609375 0.25 0.0328125 0.0875
0 0.8578125 0.35625 0.053125 0.05625
0 0.7890625 0.3390625 0.053125 0.05625
0 0.959375 0.4109375 0.028125 0.078125
0 0.0734375 0.7078125 0.0140625 0.0515625
0 0.0421875 0.7921875 0.0625 0.0625
0 0.16953125 0.5234375 0.0609375 0.028125
0 0.1046875 0.5734375 0.0515625 0.0640625
0 0.128125 0.53359375 0.096875 0.0484375
0 0.1421875 0.55703125 0.125 0.0953125
0 0.1765625 0.8796875 0.090625 0.0953125
0 0.5 0.97578125 0.046875 0.0484375
0 0.521875 0.9546875 0.0859375 0.0859375