0 0.253125 0.3109375 0.034375 0.03125
0 0.01875 0.4015625 0.025 0.025
0 0.0484375 0.096875 0.09375 0.059375
0 0.778125 0.02109375 0.040625 0.0421875
0 0.8515625 0.0828125 0.0625 0.0625
0 0.61875 0.0328125 0.046875 0.05
0 0.5015625 0.06015625 0.04375 0.0390625
0 0.875 0.5421875 0.25 0.1
0 0.9828125 0.06953125 0.034375 0.0609375
0 0.6640625 0.5 0.1484375 0.0765625
0 0.4296875 0.9890625 0.046875 0.021875
0 0.4234375 0.9109375 0.04375 0.04375
0 0.390625 0.8734375 0.0625 0.046875
0 0.45625 0.7296875 0.03125 0.040625