0 0.525 0.01171875 0.075 0.0234375
0 0.4375 0.1828125 0.315625 0.315625
0 0.659375 0.375 0.140625 0.1875
0 0.5828125 0.0546875 0.065625 0.065625
0 0.278125 0.0484375 0.046875 0.046875
0 0.2625 0.35 0.078125 0.103125
0 0.66875 0.709375 0.065625 0.065625
0 0.603125 0.790625 0.0625 0.0625
0 0.5203125 0.890625 0.090625 0.090625
0 0.496875 0.659375 0.059375 0.059375
0 0.571875 0.7421875 0.05 0.05
0 0.71328125 0.671875 0.0328125 0.0625
0 0.20625 0.521875 0.0875 0.0875
0 0.325 0.7140625 0.053125 0.053125
0 0.4015625 0.903125 0.103125 0.1
0 0.396875 0.7875 0.053125 0.053125
0 0.446875 0.6 0.0453125 0.084375