0 0.2828125 0.2609375 0.046875 0.046875
0 0.9890625 0.0546875 0.021875 0.084375
0 0.94453125 0.25859375 0.1109375 0.1546875
0 0.96640625 0.259375 0.0671875 0.071875
0 0.4 0.4625 0.025 0.025
0 0.18125 0.8859375 0.065625 0.065625
0 0.02109375 0.9015625 0.0421875 0.059375
0 0.1125 0.6609375 0.04375 0.04375
0 0.0734375 0.5921875 0.046875 0.05
0 0.1796875 0.5328125 0.078125 0.078125
0 0.096875 0.896875 0.075 0.0375
0 0.85625 0.75625 0.053125 0.053125
0 0.8890625 0.90625 0.065625 0.06875
0 0.69375 0.94375 0.03125 0.03125
0 0.615625 0.7984375 0.05 0.05