0 0.1015625 0.8703125 0.0578125 0.0609375
0 0.7953125 0.3953125 0.05625 0.053125
0 0.3890625 0.3421875 0.0578125 0.040625
0 0.9546875 0.4046875 0.0859375 0.0453125
0 0.434375 0.40625 0.0640625 0.0765625
0 0.028125 0.8953125 0.05625 0.021875
0 0.9359375 0.434375 0.121875 0.0984375
0 0.2390625 0.5359375 0.1515625 0.09375
0 0.978125 0.275 0.04375 0.0375
0 0.465625 0.415625 0.134375 0.1015625
0 0.50625 0.4421875 0.0484375 0.046875
0 0.8984375 0.4515625 0.0515625 0.0578125
0 0.975 0.403125 0.0484375 0.040625
0 0.4265625 0.571875 0.059375 0.1734375
0 0.096875 0.809375 0.084375 0.18125