0 0.4484375 0.0859375 0.175 0.16875
0 0.4484375 0.140625 0.30625 0.28125
0 0.64375 0.4703125 0.0625 0.0625
0 0.6484375 0.765625 0.040625 0.021875
0 0.709375 0.4921875 0.01875 0.03125
0 0.02109375 0.6578125 0.0421875 0.165625
0 0.18125 0.7390625 0.1046875 0.075
0 0.13125 0.5890625 0.134375 0.1359375
0 0.025 0.571875 0.05 0.05625
0 0.2375 0.5453125 0.059375 0.0578125
0 0.01015625 0.5109375 0.0203125 0.04375
0 0.11875 0.803125 0.0328125 0.0328125
0 0.909375 0.8921875 0.1625 0.1625
0 0.796875 0.7328125 0.0875 0.24375
0 0.890625 0.8984375 0.125 0.128125
0 0.796875 0.8296875 0.065625 0.065625
0 0.7359375 0.76640625 0.034375 0.0859375