0 0.103125 0.2953125 0.040625 0.040625
0 0.146875 0.1 0.065625 0.065625
0 0.4328125 0.43984375 0.034375 0.1796875
0 0.603125 0.5015625 0.06875 0.05625
0 0.5328125 0.23125 0.06875 0.06875
0 0.565625 0.1046875 0.065625 0.065625
0 0.6671875 0.9265625 0.05 0.015625
0 0.7515625 0.9578125 0.065625 0.065625
0 0.47421875 0.8296875 0.0484375 0.0625
0 0.5328125 0.8953125 0.065625 0.053125
0 0.48515625 0.871875 0.0703125 0.103125
0 0.50703125 0.8578125 0.1140625 0.125
0 0.8390625 0.8234375 0.0953125 0.090625