0 0.00859375 0.359375 0.0171875 0.075
0 0.8046875 0.1171875 0.059375 0.084375
0 0.7984375 0.01328125 0.05 0.0265625
0 0.653125 0.0359375 0.0625 0.0375
0 0.7984375 0.2453125 0.0625 0.0625
0 0.97734375 0.4015625 0.0453125 0.046875
0 0.965625 0.234375 0.040625 0.040625
0 0.0875 0.965625 0.1 0.06875
0 0.1671875 0.94296875 0.18125 0.1140625
0 0.8796875 0.8734375 0.0625 0.040625
0 0.53125 0.49296875 0.221875 0.0484375
0 0.9046875 0.503125 0.10625 0.06875
0 0.7125 0.49453125 0.065625 0.0515625
0 0.9859375 0.49921875 0.028125 0.0609375
0 0.80625 0.5 0.06875 0.0625
0 0.6125 0.878125 0.1 0.1
0 0.8640625 0.51796875 0.134375 0.0984375
0 0.515625 0.5 0.084375 0.040625
0 0.33828125 0.86640625 0.0390625 0.0390625