0 0.259375 0.3578125 0.0734375 0.078125
0 0.3 0.275 0.065625 0.065625
0 0.265625 0.0953125 0.0578125 0.04375
0 0.628125 0.440625 0.0765625 0.0765625
0 0.45625 0.40625 0.0765625 0.0765625
0 0.9515625 0.09375 0.096875 0.1875
0 0.88125 0.4640625 0.065625 0.065625
0 0.496875 0.10625 0.25625 0.2125
0 0.97421875 0.55625 0.0515625 0.053125
0 0.8125 0.0625 0.1171875 0.0875
0 0.58125 0.053125 0.4265625 0.10625
0 0.234375 0.778125 0.0328125 0.0328125
0 0.84375 0.990625 0.0765625 0.0171875
0 0.40625 0.946875 0.0734375 0.1046875
0 0.490625 0.95625 0.071875 0.0421875
0 0.53125 0.965625 0.171875 0.059375