0 0.5390625 0.60390625 0.059375 0.0703125
0 0.3296875 0.5984375 0.053125 0.0375
0 0.56328125 0.528125 0.0109375 0.034375
0 0.34375 0.328125 0.021875 0.025
0 0.1453125 0.584375 0.034375 0.03125
0 0.80625 0.525 0.0875 0.0875
0 0.8921875 0.2328125 0.078125 0.078125
0 0.7984375 0.62734375 0.071875 0.0234375
0 0.8859375 0.3859375 0.084375 0.084375
0 0.053125 0.9125 0.10625 0.159375
0 0.2328125 0.97734375 0.109375 0.0453125
0 0.021875 0.80625 0.04375 0.071875
0 0.1828125 0.8453125 0.1375 0.140625
0 0.0734375 0.828125 0.059375 0.059375
0 0.2890625 0.8015625 0.0625 0.059375
0 0.01484375 0.97109375 0.0296875 0.0578125
0 0.0515625 0.7671875 0.0421875 0.04375
0 0.815625 0.703125 0.059375 0.05625