0 0.1296875 0.15 0.028125 0.025
0 0.125 0.696875 0.065625 0.065625
0 0.1359375 0.60625 0.04375 0.040625
0 0.4265625 0.75625 0.034375 0.040625
0 0.10625 0.49375 0.028125 0.028125
0 0.678125 0.47734375 0.021875 0.0171875
0 0.5875 0.5125 0.08125 0.046875
0 0.628125 0.9640625 0.11875 0.071875
0 0.91875 0.59375 0.04375 0.04375
0 0.915625 0.48828125 0.040625 0.0390625
0 0.8015625 0.9796875 0.165625 0.040625
0 0.7671875 0.6046875 0.040625 0.03125
0 0.58828125 0.9609375 0.1171875 0.078125
0 0.5640625 0.9515625 0.06875 0.075
0 0.75625 0.9765625 0.065625 0.046875
0 0.91484375 0.48671875 0.0453125 0.0359375
0 0.7390625 0.5859375 0.090625 0.053125
0 0.89140625 0.984375 0.1328125 0.03125
0 0.97109375 0.9875 0.0578125 0.025