0 0.9375 0.375 0.04375 0.096875
0 0.575 0.2484375 0.0515625 0.03125
0 0.0171875 0.1796875 0.0328125 0.0375
0 0.23125 0.35625 0.065625 0.046875
0 0.196875 0.2859375 0.0359375 0.03125
0 0.56875 0.1421875 0.0296875 0.0453125
0 0.9296875 0.5921875 0.0359375 0.053125
0 0.946875 0.1546875 0.034375 0.0296875
0 0.1859375 0.8328125 0.0421875 0.1046875
0 0.190625 0.1171875 0.04375 0.046875
0 0.859375 0.346875 0.034375 0.034375
0 0.2 0.6671875 0.028125 0.040625
0 0.659375 0.578125 0.0265625 0.021875
0 0.915625 0.7765625 0.0296875 0.0359375