0 0.4859375 0.08125 0.075 0.075
0 0.5421875 0.1703125 0.046875 0.046875
0 0.79296875 0.021875 0.2265625 0.04375
0 0.83984375 0.03125 0.3203125 0.0625
0 0.9515625 0.03125 0.096875 0.0625
0 0.603125 0.540625 0.05 0.05
0 0.1484375 0.5421875 0.075 0.075
0 0.5984375 0.9484375 0.05 0.05
0 0.421875 0.509375 0.05625 0.05625
0 0.4890625 0.528125 0.0390625 0.0359375
0 0.0078125 0.575 0.015625 0.0328125
0 0.2140625 0.365625 0.04375 0.0359375
0 0.453125 0.515625 0.115625 0.053125
0 0.975 0.834375 0.0484375 0.1
0 0.9546875 0.94375 0.090625 0.103125
0 0.6890625 0.590625 0.01875 0.0546875
0 0.93125 0.978125 0.0921875 0.04375