0 0.59609375 0.246875 0.0265625 0.046875
0 0.2359375 0.3078125 0.053125 0.053125
0 0.2671875 0.1265625 0.059375 0.059375
0 0.2484375 0.19375 0.0375 0.040625
0 0.2609375 0.1578125 0.0625 0.11875
0 0.1859375 0.39375 0.05625 0.021875
0 0.925 0.084375 0.103125 0.128125
0 0.8640625 0.253125 0.078125 0.078125
0 0.9546875 0.01875 0.090625 0.0375
0 0.61875 0.2859375 0.015625 0.015625
0 0.3890625 0.525 0.04375 0.03125
0 0.3765625 0.47421875 0.075 0.0484375
0 0.5609375 0.940625 0.05 0.05
0 0.0171875 0.471875 0.034375 0.04375
0 0.1484375 0.75 0.0625 0.0625