0 0.15625 0.5015625 0.08125 0.05625
0 0.4609375 0.0125 0.065625 0.025
0 0.340625 0.521875 0.053125 0.0140625
0 0.290625 0.48125 0.0421875 0.0390625
0 0.7375 0.4640625 0.29375 0.13125
0 0.3234375 0.91875 0.078125 0.075
0 0.184375 0.815625 0.0359375 0.0359375
0 0.409375 0.9734375 0.040625 0.0390625
0 0.125 0.671875 0.078125 0.0828125
0 0.1109375 0.671875 0.05 0.0671875
0 0.3328125 0.90625 0.0421875 0.04375
0 0.325 0.9921875 0.0265625 0.015625
0 0.771875 0.540625 0.0515625 0.021875
0 0.853125 0.5375 0.0640625 0.0140625
0 0.559375 0.834375 0.0421875 0.0609375
0 0.5546875 0.7453125 0.03125 0.040625
0 0.565625 0.615625 0.046875 0.0484375