0 0.05859375 0.3109375 0.1171875 0.25625
0 0.984375 0.28125 0.03125 0.05625
0 0.8609375 0.0953125 0.03125 0.028125
0 0.9 0.35 0.046875 0.046875
0 0.1640625 0.9875 0.071875 0.025
0 0.0296875 0.6296875 0.059375 0.0875
0 0.034375 0.9609375 0.06875 0.078125
0 0.3 0.7140625 0.05625 0.05625
0 0.10625 0.8578125 0.05 0.05
0 0.040625 0.9515625 0.0609375 0.0609375
0 0.04921875 0.54609375 0.0609375 0.0546875
0 0.265625 0.9109375 0.0609375 0.0609375
0 0.53671875 0.95546875 0.1140625 0.0890625
0 0.44609375 0.94765625 0.1984375 0.1046875
0 0.384375 0.7734375 0.0734375 0.0984375
0 0.440625 0.6484375 0.115625 0.1171875
0 0.5015625 0.5375 0.05 0.0375
0 0.7328125 0.53359375 0.065625 0.0296875