0 0.1578125 0.21875 0.053125 0.0625
0 0.0234375 0.1125 0.03125 0.03125
0 0.23515625 0.2875 0.0296875 0.03125
0 0.1515625 0.23125 0.040625 0.040625
0 0.2375 0.2 0.021875 0.021875
0 0.925 0.0171875 0.053125 0.034375
0 0.6296875 0.284375 0.04375 0.04375
0 0.5125 0.2921875 0.05625 0.05625
0 0.753125 0.16875 0.028125 0.025
0 0.975 0.3265625 0.05 0.053125
0 0.90859375 0.2734375 0.1828125 0.228125
0 0.9625 0.3109375 0.075 0.15
0 0.7515625 0.3046875 0.065625 0.065625
0 0.85625 0.278125 0.05625 0.05625
0 0.8421875 0.36875 0.05625 0.05
0 0.3765625 0.2640625 0.0515625 0.0296875
0 0.25390625 0.825 0.0078125 0.0375
0 0.2703125 0.8578125 0.028125 0.034375
0 0.509375 0.7640625 0.04375 0.046875
0 0.653125 0.828125 0.05625 0.05625
0 0.4578125 0.9453125 0.0375 0.0375
0 0.9171875 0.978125 0.053125 0.04375