0 0.225 0.03046875 0.075 0.0609375
0 0.01640625 0.3546875 0.0328125 0.109375
0 0.275 0.3140625 0.159375 0.159375
0 0.459375 0.365625 0.1 0.11875
0 0.61875 0.41875 0.021875 0.040625
0 0.475 0.38671875 0.10625 0.1046875
0 0.6609375 0.38125 0.065625 0.109375
0 0.871875 0.37265625 0.2375 0.1328125
0 0.8625 0.42578125 0.1 0.0265625
0 0.96875 0.2453125 0.0515625 0.0515625
0 0.86171875 0.425 0.1671875 0.028125
0 0.0640625 0.978125 0.05625 0.04375
0 0.2953125 0.8578125 0.0875 0.040625
0 0.3765625 0.8203125 0.053125 0.0515625
0 0.7546875 0.98046875 0.0375 0.0390625