0 0.1125 0.0140625 0.0828125 0.028125
0 0.04375 0.2953125 0.0875 0.171875
0 0.228125 0.165625 0.053125 0.05625
0 0.0609375 0.1171875 0.0390625 0.0390625
0 0.2046875 0.01875 0.059375 0.0359375
0 0.04375 0.571875 0.0625 0.0625
0 0.0265625 0.071875 0.053125 0.0984375
0 0.203125 0.8 0.0734375 0.08125
0 0.278125 0.8390625 0.0328125 0.0359375
0 0.5734375 0.821875 0.071875 0.109375
0 0.3453125 0.628125 0.090625 0.0390625
0 0.640625 0.809375 0.05 0.078125
0 0.559375 0.9140625 0.0359375 0.0421875
0 0.50625 0.7140625 0.065625 0.065625