0 0.353125 0.146875 0.040625 0.040625
0 0.2078125 0.02109375 0.059375 0.0421875
0 0.29375 0.0328125 0.05 0.05
0 0.209375 0.01015625 0.1 0.0203125
0 0.125 0.0984375 0.053125 0.053125
0 0.871875 0.0828125 0.046875 0.046875
0 0.7640625 0.06875 0.09375 0.034375
0 0.7921875 0.321875 0.03125 0.025
0 0.0703125 0.41875 0.05 0.08125
0 0.15625 0.38125 0.03125 0.025
0 0.103125 0.9140625 0.028125 0.028125
0 0.740625 0.871875 0.059375 0.059375
0 0.69375 0.740625 0.03125 0.03125
0 0.740625 0.9953125 0.01875 0.009375
0 0.6953125 0.828125 0.021875 0.021875