0 0.4375 0.1109375 0.084375 0.08125
0 0.303125 0.2234375 0.046875 0.015625
0 0.4203125 0.290625 0.134375 0.134375
0 0.803125 0.1296875 0.059375 0.059375
0 0.6875 0.2328125 0.059375 0.059375
0 0.9625 0.2109375 0.075 0.125
0 0.909375 0.3203125 0.084375 0.090625
0 0.859375 0.2015625 0.059375 0.059375
0 0.98046875 0.41328125 0.0390625 0.0609375
0 0.234375 0.5609375 0.065625 0.065625
0 0.2375 0.7859375 0.040625 0.040625
0 0.0421875 0.7171875 0.053125 0.04375
0 0.1203125 0.575 0.05625 0.05625
0 0.2515625 0.8328125 0.0796875 0.1171875
0 0.2171875 0.9484375 0.0375 0.0375
0 0.2515625 0.659375 0.0328125 0.0203125
0 0.1203125 0.5578125 0.028125 0.028125
0 0.2796875 0.8390625 0.0328125 0.034375