0 0.4 0.090625 0.046875 0.040625
0 0.06875 0.1265625 0.028125 0.034375
0 0.7015625 0.446875 0.034375 0.034375
0 0.71875 0.1515625 0.1125 0.078125
0 0.9125 0.3796875 0.0390625 0.090625
0 0.73125 0.084375 0.078125 0.05
0 0.6265625 0.165625 0.0421875 0.0359375
0 0.8265625 0.21875 0.065625 0.065625
0 0.3265625 0.8515625 0.128125 0.128125
0 0.40625 0.7109375 0.0375 0.040625
0 0.13125 0.98359375 0.046875 0.0328125
0 0.11328125 0.4828125 0.0515625 0.028125
0 0.29375 0.5765625 0.0515625 0.046875
0 0.1609375 0.4921875 0.165625 0.046875
0 0.19375 0.5 0.0828125 0.04375
0 0.41875 0.5796875 0.03125 0.034375
0 0.94375 0.98125 0.025 0.021875