0 0.34609375 0.2609375 0.0453125 0.078125
0 0.3484375 0.2625 0.040625 0.0625
0 0.871875 0.2578125 0.0625 0.0625
0 0.5 0.2765625 0.03125 0.05625
0 0.4484375 0.4140625 0.0625 0.0375
0 0.8171875 0.353125 0.03125 0.04375
0 0.5859375 0.415625 0.034375 0.0375
0 0.4703125 0.409375 0.040625 0.040625
0 0.5 0.559375 0.16875 0.040625
0 0.6421875 0.2578125 0.0375 0.0359375
0 0.9546875 0.9 0.090625 0.115625
0 0.865625 0.9390625 0.084375 0.084375
0 0.7734375 0.95390625 0.16875 0.0921875
0 0.9734375 0.97265625 0.053125 0.0546875