0 0.115625 0.4796875 0.071875 0.103125
0 0.68125 0.3875 0.04375 0.065625
0 0.6859375 0.159375 0.05 0.1171875
0 0.6859375 0.1984375 0.0421875 0.0421875
0 0.6859375 0.5890625 0.053125 0.159375
0 0.68046875 0.5953125 0.0421875 0.146875
0 0.6875 0.1265625 0.04375 0.0390625
0 0.6796875 0.54375 0.040625 0.0625
0 0.74765625 0.715625 0.0921875 0.09375
0 0.7078125 0.853125 0.0390625 0.0484375
0 0.7140625 0.9125 0.0546875 0.16875
0 0.7875 0.8453125 0.0359375 0.075
0 0.7859375 0.8984375 0.0390625 0.178125
0 0.6125 0.8515625 0.0265625 0.021875
0 0.78125 0.740625 0.0453125 0.075