0 0.35625 0.3546875 0.090625 0.090625
0 0.4046875 0.00625 0.053125 0.0125
0 0.1421875 0.3859375 0.0375 0.034375
0 0.5734375 0.3296875 0.0375 0.040625
0 0.3671875 0.2828125 0.04375 0.04375
0 0.0984375 0.1359375 0.028125 0.03125
0 0.2984375 0.678125 0.05625 0.05625
0 0.353125 0.7421875 0.04375 0.040625
0 0.125 0.7859375 0.0515625 0.046875
0 0.3046875 0.8890625 0.0515625 0.046875
0 0.171875 0.796875 0.165625 0.0640625
0 0.2046875 0.8125 0.0828125 0.04375
0 0.4296875 0.8921875 0.03125 0.034375
0 0.7234375 0.6875 0.0125 0.0375
0 0.9796875 0.809375 0.025 0.025