0 0.04609375 0.41875 0.0921875 0.1
0 0.2390625 0.40625 0.084375 0.071875
0 0.3125 0.403125 0.071875 0.075
0 0.51875 0.2203125 0.021875 0.078125
0 0.26875 0.303125 0.046875 0.046875
0 0.98984375 0.4828125 0.0203125 0.04375
0 0.703125 0.3953125 0.065625 0.065625
0 0.7453125 0.3125 0.03125 0.03125
0 0.66875 0.51953125 0.021875 0.0203125
0 0.3296875 0.675 0.05 0.05
0 0.2390625 0.58125 0.071875 0.071875
0 0.4421875 0.7875 0.053125 0.053125
0 0.1984375 0.9328125 0.053125 0.065625
0 0.74375 0.909375 0.084375 0.084375