0 0.140625 0.378125 0.0953125 0.0953125
0 0.0234375 0.3953125 0.046875 0.078125
0 0.028125 0.1828125 0.05625 0.1125
0 0.065625 0.040625 0.115625 0.0796875
0 0.3796875 0.359375 0.0234375 0.0234375
0 0.09375 0.265625 0.0640625 0.0640625
0 0.84375 0.334375 0.075 0.075
0 0.6875 0.303125 0.05625 0.05625
0 0.29375 0.5125 0.03125 0.03125
0 0.290625 0.6671875 0.0359375 0.0359375
0 0.178125 0.75625 0.0859375 0.06875
0 0.196875 0.765625 0.0359375 0.0359375
0 0.00625 0.77109375 0.0125 0.0390625
0 0.6671875 0.615625 0.1 0.1
0 0.6046875 0.784375 0.115625 0.1265625
0 0.91875 0.7875 0.1625 0.425
0 0.6 0.640625 0.0484375 0.0484375
0 0.61875 0.696875 0.059375 0.059375