0 0.475 0.5453125 0.0890625 0.0609375
0 0.6296875 0.546875 0.040625 0.053125
0 0.0265625 0.2546875 0.046875 0.0375
0 0.7453125 0.46875 0.1828125 0.090625
0 0.534375 0.425 0.0546875 0.0515625
0 0.0171875 0.4828125 0.0328125 0.040625
0 0.246875 0.2328125 0.04375 0.0328125
0 0.3359375 0.3484375 0.0765625 0.08125
0 0.1625 0.3578125 0.125 0.0375
0 0.9578125 0.5671875 0.0828125 0.0546875
0 0.2625 0.2921875 0.05 0.0328125
0 0.7265625 0.35 0.0546875 0.0328125
0 0.071875 0.328125 0.0203125 0.0234375
0 0.9015625 0.640625 0.01875 0.0203125
0 0.8453125 0.4359375 0.15625 0.0453125
0 0.890625 0.434375 0.125 0.0421875
0 0.378125 0.7640625 0.01875 0.0203125
0 0.384375 0.4625 0.0515625 0.0359375
0 0.0140625 0.1609375 0.028125 0.0375
0 0.0765625 0.4265625 0.034375 0.0375
0 0.1203125 0.3578125 0.03125 0.0265625
0 0.815625 0.440625 0.3109375 0.05