0 0.2859375 0.1359375 0.078125 0.078125
0 0.32890625 0.25625 0.0203125 0.05625
0 0.0578125 0.4484375 0.040625 0.040625
0 0.146875 0.3328125 0.078125 0.08125
0 0.01796875 0.3234375 0.0359375 0.04375
0 0.0734375 0.3890625 0.04375 0.040625
0 0.1953125 0.21875 0.046875 0.046875
0 0.665625 0.4171875 0.0375 0.0375
0 0.725 0.4546875 0.0375 0.028125
0 0.325 0.7734375 0.028125 0.053125
0 0.046875 0.90625 0.09375 0.090625
0 0.1765625 0.6015625 0.025 0.025
0 0.0234375 0.825 0.046875 0.05625
0 0.0765625 0.7796875 0.153125 0.278125
0 0.0421875 0.8484375 0.084375 0.2
0 0.0421875 0.6 0.084375 0.05
0 0.0671875 0.7046875 0.059375 0.059375
0 0.859375 0.98359375 0.06875 0.0328125