0 0.20625 0.33125 0.0578125 0.0578125
0 0.29375 0.221875 0.115625 0.1953125
0 0.215625 0.025 0.078125 0.05
0 0.4125 0.2515625 0.0578125 0.0578125
0 0.1375 0.0515625 0.0234375 0.0234375
0 0.3359375 0.125 0.0765625 0.1640625
0 0.340625 0.08125 0.0921875 0.128125
0 0.328125 0.1546875 0.2375 0.2375
0 0.8578125 0.2375 0.0546875 0.0546875
0 0.8828125 0.3703125 0.040625 0.040625
0 0.8796875 0.3640625 0.0578125 0.0578125
0 0.53125 0.421875 0.0578125 0.0265625
0 0.5015625 0.7375 0.0703125 0.06875
0 0.540625 0.6078125 0.059375 0.1109375
0 0.88125 0.978125 0.04375 0.0421875
0 0.940625 0.89375 0.0375 0.0375