0 0.6234375 0.4234375 0.05625 0.059375
0 0.490625 0.4484375 0.040625 0.040625
0 0.496875 0.4453125 0.059375 0.059375
0 0.4390625 0.096875 0.025 0.05625
0 0.1234375 0.0671875 0.075 0.075
0 0.253125 0.10625 0.084375 0.084375
0 0.86875 0.5234375 0.065625 0.065625
0 0.9234375 0.428125 0.03125 0.040625
0 0.7515625 0.1515625 0.0625 0.0625
0 0.9421875 0.128125 0.0375 0.04375
0 0.4453125 0.965625 0.03125 0.03125
0 0.1390625 0.9734375 0.1125 0.053125
0 0.2109375 0.9375 0.0625 0.0625
0 0.1921875 0.984375 0.04375 0.03125
0 0.94375 0.7546875 0.04375 0.04375