0 0.1125 0.1875 0.059375 0.071875
0 0.3171875 0.075 0.053125 0.05
0 0.55625 0.23125 0.103125 0.090625
0 0.5984375 0.103125 0.059375 0.059375
0 0.41328125 0.0890625 0.0671875 0.028125
0 0.471875 0.1328125 0.04375 0.040625
0 0.18125 0.5984375 0.06875 0.065625
0 0.10625 0.7546875 0.046875 0.028125
0 0.134375 0.8265625 0.046875 0.0296875
0 0.3953125 0.64375 0.03125 0.046875
0 0.4625 0.734375 0.025 0.025
0 0.5125 0.55625 0.05 0.05
0 0.540625 0.759375 0.0875 0.0421875
0 0.54921875 0.984375 0.0421875 0.03125