0 0.046875 0.5046875 0.028125 0.009375
0 0.3578125 0.13125 0.05625 0.0609375
0 0.30625 0.1265625 0.0828125 0.0828125
0 0.05625 0.14375 0.0625 0.0625
0 0.490625 0.315625 0.1796875 0.2234375
0 0.609375 0.15625 0.0375 0.0375
0 0.33125 0.8671875 0.1390625 0.140625
0 0.14375 0.834375 0.0546875 0.0578125
0 0.0765625 0.753125 0.0578125 0.0578125
0 0.1125 0.678125 0.096875 0.1
0 0.028125 0.66875 0.05625 0.0921875
0 0.3125 0.696875 0.0390625 0.05
0 0.3734375 0.7125 0.0484375 0.0546875
0 0.265625 0.7234375 0.0546875 0.059375
0 0.809375 0.6125 0.0890625 0.0890625
0 0.96484375 0.65546875 0.0703125 0.0859375