0 0.328125 0.46875 0.034375 0.034375
0 0.2625 0.60625 0.0609375 0.0265625
0 0.29375 0.009375 0.08125 0.01875
0 0.45 0.578125 0.03125 0.03125
0 0.2515625 0.03125 0.109375 0.0625
0 0.21875 0.565625 0.05625 0.05625
0 0.08125 0.1921875 0.0828125 0.0828125
0 0.7484375 0.159375 0.1 0.1
0 0.9765625 0.321875 0.046875 0.0921875
0 0.984375 0.025 0.0296875 0.0484375
0 0.90625 0.3984375 0.0921875 0.0875
0 0.6 0.35 0.0484375 0.0484375
0 0.971875 0.528125 0.05625 0.1171875
0 0.5609375 0.04375 0.0625 0.0875
0 0.771875 0.5359375 0.11875 0.11875
0 0.78125 0.55625 0.0515625 0.0546875
0 0.7671875 0.146875 0.146875 0.1453125
0 0.8 0.1265625 0.096875 0.1109375
0 0.784375 0.1125 0.0640625 0.06875
0 0.54921875 0.028125 0.0390625 0.05625
0 0.978125 0.315625 0.0421875 0.0421875
0 0.115625 0.628125 0.0828125 0.01875