0 0.2265625 0.203125 0.0375 0.0375
0 0.1609375 0.340625 0.04375 0.046875
0 0.3484375 0.3125 0.03125 0.03125
0 0.1171875 0.3 0.05625 0.05625
0 0.4859375 0.084375 0.028125 0.053125
0 0.0203125 0.3625 0.040625 0.053125
0 0.65 0.2296875 0.03125 0.03125
0 0.578125 0.1375 0.01875 0.01875
0 0.50625 0.28125 0.0125 0.03125
0 0.803125 0.2640625 0.025 0.021875
0 0.525 0.0265625 0.03125 0.040625
0 0.52109375 0.1453125 0.0421875 0.05625
0 0.375 0.759375 0.090625 0.090625
0 0.35625 0.759375 0.14375 0.14375
0 0.6390625 0.70625 0.04375 0.04375
0 0.54921875 0.95234375 0.0984375 0.0953125