0 0.753125 0.6265625 0.071875 0.0359375
0 0.7109375 0.5546875 0.078125 0.034375
0 0.540625 0.5921875 0.11875 0.0921875
0 0.0125 0.6625 0.025 0.0578125
0 0.821875 0.5578125 0.0515625 0.0375
0 0.05 0.5453125 0.065625 0.0359375
0 0.96875 0.5765625 0.0421875 0.059375
0 0.8859375 0.89375 0.03125 0.0234375
0 0.628125 0.5703125 0.040625 0.0421875
0 0.8640625 0.615625 0.040625 0.040625
0 0.8796875 0.1421875 0.196875 0.090625
0 0.146875 0.140625 0.1796875 0.0703125
0 0.390625 0.6328125 0.0484375 0.0390625
0 0.253125 0.1390625 0.396875 0.071875
0 0.33125 0.6265625 0.16875 0.0546875
0 0.3984375 0.553125 0.075 0.0359375
0 0.3453125 0.5546875 0.178125 0.0390625
0 0.09375 0.8140625 0.034375 0.028125
0 0.3921875 0.728125 0.021875 0.0265625
0 0.4875 0.14375 0.1390625 0.084375
0 0.6640625 0.1609375 0.18125 0.0484375
0 0.3171875 0.14375 0.1921875 0.0765625
0 0.503125 0.559375 0.075 0.0453125