0 0.3296875 0.075 0.125 0.125
0 0.3078125 0.0046875 0.04375 0.009375
0 0.3703125 0.225 0.053125 0.053125
0 0.3640625 0.284375 0.134375 0.134375
0 0.290625 0.2171875 0.059375 0.059375
0 0.2921875 0.2703125 0.128125 0.128125
0 0.465625 0.2234375 0.025 0.021875
0 0.296875 0.1125 0.0625 0.078125
0 0.2046875 0.475 0.028125 0.028125
0 0.4578125 0.4953125 0.05 0.05
0 0.0546875 0.609375 0.025 0.025
0 0.440625 0.7890625 0.053125 0.053125
0 0.46875 0.96796875 0.08125 0.0640625
0 0.2078125 0.7671875 0.053125 0.053125
0 0.4875 0.98125 0.0453125 0.0375
0 0.084375 0.978125 0.0484375 0.0421875
0 0.09375 0.975 0.0375 0.040625
0 0.55 0.7890625 0.0796875 0.125
0 0.6953125 0.8765625 0.034375 0.034375
0 0.628125 0.8578125 0.05 0.05
0 0.98671875 0.9234375 0.0265625 0.03125
0 0.7890625 0.896875 0.05 0.05