0 0.2234375 0.53984375 0.0375 0.0390625
0 0.2609375 0.3890625 0.1125 0.1125
0 0.2390625 0.4765625 0.040625 0.040625
0 0.3015625 0.2390625 0.040625 0.05
0 0.2953125 0.1796875 0.11875 0.11875
0 0.221875 0.246875 0.05625 0.05625
0 0.2234375 0.19375 0.05 0.178125
0 0.396875 0.240625 0.025 0.021875
0 0.228125 0.3515625 0.05 0.078125
0 0.075 0.965625 0.028125 0.0375
0 0.2671875 0.7703125 0.028125 0.028125
0 0.284375 0.809375 0.04375 0.040625
0 0.275 0.7875 0.04375 0.059375
0 0.0578125 0.8671875 0.021875 0.01875
0 0.3453125 0.8296875 0.028125 0.025
0 0.6765625 0.8625 0.075 0.075
0 0.7953125 0.6765625 0.04375 0.040625
0 0.98515625 0.86875 0.0296875 0.05
0 0.8234375 0.7015625 0.1125 0.109375