0 0.975 0.3109375 0.0484375 0.0390625
0 0.7984375 0.296875 0.046875 0.034375
0 0.5984375 0.2921875 0.040625 0.0421875
0 0.71875 0.8046875 0.05 0.04375
0 0.1109375 0.253125 0.0671875 0.034375
0 0.3203125 0.40625 0.0765625 0.075
0 0.028125 0.265625 0.05625 0.065625
0 0.371875 0.715625 0.04375 0.0375
0 0.728125 0.56875 0.05625 0.0375
0 0.0171875 0.2796875 0.0328125 0.0484375
0 0.5125 0.2796875 0.0390625 0.028125
0 0.4890625 0.3015625 0.1 0.078125
0 0.6875 0.5328125 0.0765625 0.0328125
0 0.0296875 0.2484375 0.0578125 0.028125