0 0.0578125 0.3328125 0.0625 0.175
0 0.03671875 0.1875 0.0734375 0.115625
0 0.01640625 0.2484375 0.0328125 0.075
0 0.03359375 0.2953125 0.0671875 0.06875
0 0.4171875 0.3921875 0.053125 0.053125
0 0.2234375 0.1671875 0.075 0.075
0 0.5859375 0.3640625 0.04375 0.06875
0 0.6921875 0.1375 0.08125 0.08125
0 0.5171875 0.171875 0.021875 0.021875
0 0.8140625 0.190625 0.03125 0.03125
0 0.98359375 0.3125 0.0328125 0.034375
0 0.8828125 0.3234375 0.0703125 0.046875
0 0.43671875 0.7921875 0.0265625 0.05
0 0.2125 0.6421875 0.05625 0.05625
0 0.2640625 0.7078125 0.0375 0.040625
0 0.08984375 0.45703125 0.0296875 0.0359375
0 0.8234375 0.753125 0.05625 0.05625
0 0.4640625 0.746875 0.028125 0.046875