0 0.975 0.178125 0.05 0.090625
0 0.6703125 0.7859375 0.0609375 0.0421875
0 0.0640625 0.6953125 0.11875 0.0890625
0 0.2359375 0.7359375 0.084375 0.0453125
0 0.2078125 0.6734375 0.0578125 0.0375
0 0.559375 0.7140625 0.1 0.053125
0 0.35625 0.6765625 0.065625 0.040625
0 0.9328125 0.30625 0.0703125 0.040625
0 0.446875 0.2640625 0.1921875 0.075
0 0.4859375 0.1078125 0.05625 0.0265625
0 0.1484375 0.665625 0.040625 0.0359375
0 0.65625 0.1109375 0.05 0.034375
0 0.940625 0.7296875 0.1 0.0421875
0 0.31875 0.678125 0.1265625 0.0328125
0 0.28125 0.84375 0.0359375 0.034375
0 0.946875 0.821875 0.090625 0.05625
0 0.4609375 0.821875 0.04375 0.03125
0 0.528125 0.721875 0.0578125 0.075
0 0.46875 0.1046875 0.1046875 0.0203125