0 0.3734375 0.1703125 0.053125 0.053125
0 0.3234375 0.60078125 0.05 0.0765625
0 0.2609375 0.62109375 0.040625 0.0359375
0 0.3015625 0.28125 0.059375 0.103125
0 0.2640625 0.484375 0.04375 0.06875
0 0.265625 0.521875 0.034375 0.125
0 0.42109375 0.559375 0.0171875 0.0375
0 0.409375 0.3796875 0.0375 0.0375
0 0.309375 0.3125 0.075 0.059375
0 0.6046875 0.3734375 0.03125 0.028125
0 0.2609375 0.9390625 0.04375 0.04375
0 0.1703125 0.8578125 0.05 0.040625
0 0.2484375 0.784375 0.059375 0.025
0 0.11875 0.9234375 0.0375 0.0375
0 0.221875 0.7 0.021875 0.028125
0 0.43984375 0.84375 0.0203125 0.0875
0 0.784375 0.78125 0.05625 0.06875
0 0.778125 0.890625 0.0625 0.103125
0 0.534375 0.815625 0.03125 0.0375