0 0.3984375 0.25625 0.08125 0.121875
0 0.40234375 0.23125 0.0734375 0.078125
0 0.41484375 0.284375 0.0484375 0.06875
0 0.2984375 0.234375 0.071875 0.03125
0 0.6421875 0.3953125 0.1109375 0.1109375
0 0.7046875 0.1921875 0.0859375 0.0875
0 0.7234375 0.48125 0.0921875 0.090625
0 0.4765625 0.4453125 0.0640625 0.0625
0 0.7953125 0.4015625 0.0390625 0.0390625
0 0.03125 0.71953125 0.0625 0.0921875
0 0.38828125 0.66484375 0.1015625 0.1609375
0 0.165625 0.8390625 0.0453125 0.046875
0 0.4109375 0.65078125 0.05625 0.1046875
0 0.271875 0.7765625 0.1078125 0.103125
0 0.121875 0.859375 0.0640625 0.040625