0 0.3375 0.12421875 0.44375 0.2484375
0 0.059375 0.203125 0.11875 0.0625
0 0.103125 0.0515625 0.03125 0.103125
0 0.825 0.246875 0.046875 0.046875
0 0.4609375 0.528125 0.040625 0.040625
0 0.21875 0.4703125 0.053125 0.040625
0 0.015625 0.9296875 0.03125 0.109375
0 0.309375 0.6640625 0.03125 0.03125
0 0.30625 0.7578125 0.109375 0.109375
0 0.25 0.8875 0.0765625 0.11875
0 0.02109375 0.71953125 0.0421875 0.0546875
0 0.57734375 0.4765625 0.0359375 0.053125
0 0.690625 0.55625 0.071875 0.053125
0 0.93203125 0.5421875 0.1359375 0.184375
0 0.68125 0.4625 0.10625 0.01875