0 0.2171875 0.16875 0.065625 0.08125
0 0.065625 0.2265625 0.125 0.125
0 0.175 0.13125 0.04375 0.04375
0 0.14375 0.1828125 0.059375 0.059375
0 0.56875 0.1078125 0.096875 0.096875
0 0.8125 0.43046875 0.075 0.0578125
0 0.153125 0.6203125 0.05 0.05
0 0.29453125 0.584375 0.0890625 0.096875
0 0.515625 0.6171875 0.23125 0.23125
0 0.51875 0.653125 0.10625 0.103125
0 0.5203125 0.6859375 0.175 0.171875
0 0.878125 0.553125 0.24375 0.1875
0 0.725 0.8984375 0.0625 0.0625
0 0.653125 0.8328125 0.078125 0.109375
0 0.590625 0.9453125 0.040625 0.040625