0 0.1140625 0.29609375 0.059375 0.0265625
0 0.6453125 0.0921875 0.05625 0.05625
0 0.8421875 0.0578125 0.0609375 0.0609375
0 0.89921875 0.290625 0.1140625 0.0375
0 0.91328125 0.22421875 0.1734375 0.1703125
0 0.7046875 0.1765625 0.0984375 0.0734375
0 0.603125 0.2328125 0.06875 0.115625
0 0.96875 0.2765625 0.0625 0.065625
0 0.3484375 0.7125 0.05625 0.05625
0 0.3453125 0.9328125 0.046875 0.04375
0 0.2234375 0.65 0.059375 0.059375
0 0.0890625 0.75625 0.03125 0.03125
0 0.3015625 0.58125 0.0328125 0.0328125
0 0.278125 0.88125 0.0234375 0.0234375
0 0.2171875 0.6375 0.0375 0.0359375
0 0.3484375 0.840625 0.01875 0.01875
0 0.303125 0.66875 0.0234375 0.021875
0 0.703125 0.675 0.0609375 0.0609375