0 0.425 0.2859375 0.040625 0.040625
0 0.215625 0.2890625 0.034375 0.034375
0 0.5421875 0.2703125 0.06875 0.059375
0 0.2953125 0.5078125 0.078125 0.0625
0 0.3390625 0.6984375 0.1375 0.1375
0 0.2046875 0.6140625 0.05625 0.05
0 0.51484375 0.5015625 0.0515625 0.125
0 0.625 0.5375 0.05625 0.05625
0 0.684375 0.53125 0.134375 0.134375
0 0.6171875 0.46328125 0.059375 0.0484375
0 0.6703125 0.48125 0.128125 0.084375
0 0.6234375 0.6328125 0.021875 0.025
0 0.5203125 0.4671875 0.0625 0.05625
0 0.8953125 0.625 0.05 0.05