0 0.4328125 0.10625 0.034375 0.040625
0 0.8640625 0.3671875 0.0234375 0.025
0 0.6796875 0.353125 0.0234375 0.025
0 0.4828125 0.3515625 0.0203125 0.01875
0 0.8578125 0.4265625 0.075 0.04375
0 0.978125 0.284375 0.0203125 0.0203125
0 0.9859375 0.43515625 0.028125 0.0296875
0 0.665625 0.4578125 0.01875 0.0171875
0 0.759375 0.4203125 0.053125 0.0296875
0 0.8171875 0.4296875 0.0234375 0.0265625
0 0.271875 0.5953125 0.071875 0.071875
0 0.43515625 0.98515625 0.0515625 0.0296875
0 0.4578125 0.7796875 0.059375 0.059375
0 0.434375 0.9421875 0.0453125 0.0453125
0 0.53125 0.759375 0.0515625 0.0515625