0 0.1640625 0.3171875 0.059375 0.059375
0 0.2734375 0.390625 0.06875 0.06875
0 0.0359375 0.225 0.065625 0.065625
0 0.35625 0.2703125 0.046875 0.04375
0 0.9375 0.02265625 0.0625 0.0453125
0 0.875 0.2859375 0.075 0.075
0 0.49609375 0.11171875 0.1328125 0.2234375
0 0.7828125 0.0765625 0.046875 0.05625
0 0.5765625 0.2265625 0.09375 0.09375
0 0.7453125 0.20625 0.09375 0.09375
0 0.271875 0.7859375 0.040625 0.034375
0 0.3640625 0.79375 0.05 0.05
0 0.4421875 0.584375 0.025 0.028125
0 0.46015625 0.828125 0.0609375 0.059375