0 0.440625 0.88125 0.1109375 0.046875
0 0.7515625 0.221875 0.06875 0.0578125
0 0.5609375 0.1515625 0.059375 0.059375
0 0.475 0.24375 0.065625 0.0453125
0 0.178125 0.38125 0.05 0.0375
0 0.440625 0.34375 0.0375 0.0359375
0 0.3 0.55625 0.0359375 0.0453125
0 0.4828125 0.3703125 0.03125 0.0328125
0 0.9484375 0.246875 0.04375 0.0421875
0 0.753125 0.45625 0.06875 0.05625
0 0.2171875 0.2390625 0.034375 0.028125
0 0.925 0.8546875 0.15 0.0640625
0 0.1890625 0.4734375 0.03125 0.0484375
0 0.9296875 0.7 0.1296875 0.134375
0 0.5015625 0.19375 0.0515625 0.0375
0 0.9703125 0.6453125 0.059375 0.0421875
0 0.7875 0.5328125 0.0296875 0.0265625
0 0.403125 0.6421875 0.03125 0.06875