0 0.484375 0.3015625 0.090625 0.10625
0 0.0875 0.2734375 0.0890625 0.0875
0 0.0328125 0.115625 0.065625 0.134375
0 0.32109375 0.13984375 0.4171875 0.2796875
0 0.0203125 0.25703125 0.040625 0.0515625
0 0.02890625 0.2 0.0578125 0.059375
0 0.76875 0.3296875 0.034375 0.034375
0 0.746875 0.2234375 0.05 0.05
0 0.1625 0.43046875 0.109375 0.1015625
0 0.00859375 0.709375 0.0171875 0.078125
0 0.265625 0.8359375 0.071875 0.071875
0 0.02265625 0.8390625 0.0453125 0.065625
0 0.8375 0.659375 0.06875 0.071875
0 0.8125 0.8578125 0.06875 0.06875
0 0.68125 0.6140625 0.0625 0.059375
0 0.575 0.74375 0.0328125 0.034375