0 0.4796875 0.0703125 0.0859375 0.140625
0 0.5296875 0.0515625 0.084375 0.084375
0 0.51015625 0.0765625 0.1578125 0.153125
0 0.50546875 0.07578125 0.1671875 0.1515625
0 0.378125 0.3015625 0.11875 0.121875
0 0.22421875 0.12265625 0.4484375 0.2453125
0 0.753125 0.275 0.0375 0.046875
0 0.71875 0.02109375 0.05625 0.0421875
0 0.4140625 0.825 0.078125 0.071875
0 0.2734375 0.7078125 0.04375 0.0875
0 0.2765625 0.725 0.053125 0.065625
0 0.478125 0.646875 0.084375 0.08125
0 0.1203125 0.60078125 0.0625 0.0234375
0 0.2421875 0.7125 0.05 0.05
0 0.7140625 0.71015625 0.209375 0.2421875
0 0.7453125 0.7875 0.153125 0.153125
0 0.775 0.815625 0.090625 0.090625
0 0.625 0.840625 0.071875 0.103125
0 0.9859375 0.93125 0.028125 0.053125
0 0.9265625 0.9625 0.059375 0.059375
0 0.60625 0.8828125 0.034375 0.03125