0 0.246875 0.1734375 0.090625 0.090625
0 0.2453125 0.2859375 0.040625 0.040625
0 0.8484375 0.1984375 0.05 0.05
0 0.8015625 0.0578125 0.053125 0.053125
0 0.9390625 0.0609375 0.0359375 0.0390625
0 0.8234375 0.0640625 0.0296875 0.0484375
0 0.98515625 0.221875 0.0296875 0.0375
0 0.603125 0.24375 0.0578125 0.0578125
0 0.2921875 0.8203125 0.046875 0.053125
0 0.4890625 0.6546875 0.021875 0.021875
0 0.1046875 0.55625 0.040625 0.04375
0 0.34375 0.6953125 0.021875 0.021875
0 0.9421875 0.840625 0.115625 0.146875
0 0.8125 0.9015625 0.05625 0.05625