0 0.103125 0.184375 0.0703125 0.04375
0 0.05 0.7578125 0.090625 0.1875
0 0.9484375 0.54375 0.034375 0.0671875
0 0.3296875 0.290625 0.065625 0.0859375
0 0.2953125 0.115625 0.0234375 0.021875
0 0.04375 0.871875 0.0328125 0.028125
0 0.2640625 0.625 0.03125 0.0359375
0 0.4765625 0.73125 0.0359375 0.0375
0 0.2765625 0.4125 0.0328125 0.03125
0 0.1546875 0.5859375 0.034375 0.040625
0 0.5703125 0.45625 0.0265625 0.034375
0 0.2515625 0.828125 0.0359375 0.0234375
0 0.06875 0.625 0.0515625 0.08125
0 0.14375 0.48125 0.046875 0.0703125