0 0.4484375 0.3375 0.034375 0.034375
0 0.2359375 0.23125 0.034375 0.0375
0 0.4359375 0.55 0.034375 0.034375
0 0.54375 0.3765625 0.0125 0.040625
0 0.1421875 0.50625 0.03125 0.0375
0 0.4609375 0.134375 0.034375 0.025
0 0.9390625 0.2828125 0.028125 0.034375
0 0.1453125 0.646875 0.09375 0.075
0 0.346875 0.709375 0.046875 0.034375
0 0.45625 0.959375 0.028125 0.028125
0 0.38125 0.940625 0.109375 0.109375
0 0.23125 0.775 0.0875 0.071875
0 0.40625 0.759375 0.11875 0.05
0 0.203125 0.61328125 0.021875 0.0078125
0 0.48125 0.625 0.06875 0.03125
0 0.5 0.62109375 0.028125 0.0234375
0 0.253125 0.7546875 0.0359375 0.03125
0 0.38046875 0.97578125 0.0703125 0.0484375
0 0.365625 0.7578125 0.0375 0.0265625
0 0.215625 0.7953125 0.0546875 0.0359375
0 0.7328125 0.9921875 0.0375 0.015625