0 0.06328125 0.140625 0.1265625 0.28125
0 0.0484375 0.11875 0.065625 0.2375
0 0.115625 0.0546875 0.059375 0.109375
0 0.415625 0.0203125 0.0875 0.03125
0 0.51875 0.1359375 0.05625 0.05625
0 0.3265625 0.3734375 0.034375 0.0375
0 0.265625 0.90703125 0.06875 0.0796875
0 0.60625 0.6890625 0.059375 0.034375
0 0.9515625 0.7109375 0.046875 0.04375
0 0.7140625 0.703125 0.09375 0.0375
0 0.45 0.703125 0.053125 0.053125
0 0.43125 0.709375 0.04375 0.0453125
0 0.346875 0.6875 0.028125 0.021875
0 0.6859375 0.45 0.0296875 0.0234375