0 0.02578125 0.19375 0.0515625 0.03125
0 0.1234375 0.271875 0.078125 0.078125
0 0.2140625 0.4515625 0.078125 0.078125
0 0.03046875 0.5296875 0.0609375 0.053125
0 0.9796875 0.4640625 0.040625 0.18125
0 0.75625 0.1890625 0.090625 0.053125
0 0.734375 0.221875 0.046875 0.084375
0 0.871875 0.1921875 0.084375 0.05625
0 0.446875 0.859375 0.040625 0.040625
0 0.8765625 0.6109375 0.0625 0.021875
0 0.55703125 0.9015625 0.0359375 0.084375
0 0.8984375 0.95859375 0.08125 0.0828125
0 0.6109375 0.7703125 0.14375 0.178125
0 0.58046875 0.73359375 0.0828125 0.1609375