0 0.00859375 0.62890625 0.0171875 0.0609375
0 0.1453125 0.2015625 0.059375 0.059375
0 0.0765625 0.2 0.05625 0.05625
0 0.2046875 0.2046875 0.059375 0.10625
0 0.25 0.5125 0.040625 0.040625
0 0.3078125 0.496875 0.06875 0.071875
0 0.55625 0.0828125 0.05 0.04375
0 0.9859375 0.13125 0.028125 0.04375
0 0.9484375 0.6109375 0.0375 0.053125
0 0.125 0.69921875 0.109375 0.0796875
0 0.05625 0.7453125 0.05625 0.059375
0 0.1125 0.70546875 0.15 0.0921875
0 0.5921875 0.959375 0.046875 0.053125
0 0.9328125 0.940625 0.071875 0.078125