0 0.1625 0.284375 0.1125 0.1125
0 0.2328125 0.15625 0.159375 0.1859375
0 0.115625 0.346875 0.08125 0.08125
0 0.028125 0.36875 0.0546875 0.084375
0 0.1265625 0.35625 0.0625 0.0625
0 0.209375 0.196875 0.1015625 0.1
0 0.8125 0.24375 0.0796875 0.0796875
0 0.459375 0.53125 0.05625 0.05625
0 0.890625 0.2140625 0.103125 0.103125
0 0.4609375 0.4625 0.0546875 0.053125
0 0.990625 0.4171875 0.01875 0.08125
0 0.45625 0.590625 0.1078125 0.0546875
0 0.1484375 0.6359375 0.04375 0.034375
0 0.1640625 0.69375 0.06875 0.065625
0 0.784375 0.8640625 0.05625 0.05625