0 0.06875 0.41875 0.053125 0.053125
0 0.19375 0.39375 0.0484375 0.0484375
0 0.040625 0.26875 0.04375 0.04375
0 0.384375 0.853125 0.0484375 0.078125
0 0.33125 0.971875 0.1546875 0.0546875
0 0.359375 0.9828125 0.0921875 0.034375
0 0.596875 0.9625 0.0546875 0.0546875
0 0.690625 0.859375 0.053125 0.053125
0 0.7546875 0.653125 0.0328125 0.0328125
0 0.671875 0.559375 0.1859375 0.0609375
0 0.6734375 0.7453125 0.0609375 0.0609375
0 0.921875 0.559375 0.0671875 0.0609375
0 0.5953125 0.8921875 0.028125 0.028125
0 0.5125 0.965625 0.0796875 0.0671875
0 0.846875 0.6359375 0.046875 0.046875
0 0.9609375 0.625 0.078125 0.0796875