0 0.0890625 0.028125 0.08125 0.05625
0 0.1265625 0.134375 0.0375 0.021875
0 0.4515625 0.1296875 0.046875 0.034375
0 0.2671875 0.353125 0.109375 0.090625
0 0.978125 0.38125 0.04375 0.240625
0 0.98203125 0.496875 0.0359375 0.05625
0 0.98203125 0.18828125 0.0359375 0.1109375
0 0.5890625 0.503125 0.01875 0.04375
0 0.7546875 0.31875 0.0390625 0.0390625
0 0.4234375 0.878125 0.034375 0.034375
0 0.2859375 0.8125 0.028125 0.0625
0 0.3140625 0.9921875 0.03125 0.015625
0 0.3265625 0.76875 0.05625 0.05625
0 0.2640625 0.665625 0.01875 0.0828125
0 0.8640625 0.85 0.1 0.103125