0 0.37734375 0.58984375 0.0234375 0.0234375
0 0.059375 0.5953125 0.04375 0.034375
0 0.24375 0.371875 0.096875 0.096875
0 0.4125 0.4421875 0.021875 0.025
0 0.565625 0.528125 0.03125 0.03125
0 0.7203125 0.53125 0.0359375 0.0359375
0 0.809375 0.609375 0.06875 0.01875
0 0.81796875 0.6125 0.0359375 0.0125
0 0.66875 0.1546875 0.1 0.1
0 0.8375 0.2171875 0.1265625 0.115625
0 0.69375 0.221875 0.0484375 0.0484375
0 0.75 0.203125 0.059375 0.059375
0 0.6921875 0.9859375 0.05 0.028125
0 0.675 0.62890625 0.028125 0.0203125
0 0.7 0.98984375 0.040625 0.0203125