0 0.1671875 0.0359375 0.028125 0.028125
0 0.2796875 0.1421875 0.04375 0.04375
0 0.3 0.025 0.08125 0.040625
0 0.5609375 0.553125 0.028125 0.0625
0 0.29375 0.25625 0.046875 0.05
0 0.315625 0.3171875 0.096875 0.053125
0 0.0109375 0.225 0.021875 0.059375
0 0.7859375 0.3890625 0.115625 0.115625
0 0.70234375 0.478125 0.1046875 0.10625
0 0.94375 0.215625 0.065625 0.065625
0 0.2625 0.8 0.075 0.075
0 0.7296875 0.6890625 0.05625 0.059375
0 0.89375 0.98359375 0.05625 0.0328125
0 0.915625 0.7265625 0.0875 0.090625