0 0.6 0.096875 0.0875 0.0875
0 0.990625 0.203125 0.0171875 0.0484375
0 0.4 0.9328125 0.0609375 0.0609375
0 0.553125 0.5859375 0.096875 0.0953125
0 0.003125 0.68125 0.0046875 0.0328125
0 0.34375 0.98125 0.0546875 0.0359375
0 0.61875 0.5125 0.0609375 0.146875
0 0.590625 0.8109375 0.0515625 0.0515625
0 0.109375 0.6265625 0.040625 0.0421875
0 0.4921875 0.6375 0.0734375 0.0765625
0 0.475 0.7390625 0.08125 0.0796875
0 0.484375 0.6265625 0.0515625 0.05
0 0.621875 0.5359375 0.0578125 0.090625
0 0.9109375 0.903125 0.05 0.0484375
0 0.9609375 0.875 0.0515625 0.0484375
0 0.9515625 0.878125 0.040625 0.040625