0 0.2890625 0.4359375 0.090625 0.053125
0 0.2671875 0.403125 0.046875 0.084375
0 0.4 0.4328125 0.059375 0.06875
0 0.8046875 0.1921875 0.05 0.1
0 0.5609375 0.396875 0.090625 0.06875
0 0.8703125 0.209375 0.05 0.078125
0 0.796875 0.1 0.028125 0.0390625
0 0.73125 0.296875 0.0609375 0.0515625
0 0.6140625 0.484375 0.075 0.06875
0 0.52421875 0.49140625 0.0953125 0.0546875
0 0.1515625 0.8359375 0.06875 0.06875
0 0.7578125 0.90703125 0.115625 0.1859375
0 0.884375 0.8015625 0.140625 0.125
0 0.98671875 0.6984375 0.0265625 0.1
0 0.740625 0.8984375 0.103125 0.103125
0 0.8234375 0.6109375 0.034375 0.040625