0 0.9890625 0.40078125 0.021875 0.0296875
0 0.934375 0.4125 0.0328125 0.0328125
0 0.7296875 0.5 0.040625 0.040625
0 0.821875 0.3734375 0.0203125 0.0203125
0 0.86328125 0.5109375 0.0703125 0.0375
0 0.97578125 0.02578125 0.0484375 0.0515625
0 0.90625 0.046875 0.05 0.053125
0 0.05625 0.840625 0.0328125 0.0328125
0 0.0359375 0.55859375 0.071875 0.0578125
0 0.084375 0.60625 0.040625 0.0859375
0 0.03203125 0.58671875 0.0640625 0.0203125
0 0.8359375 0.696875 0.04375 0.0453125
0 0.8453125 0.5875 0.0390625 0.0375
0 0.89765625 0.5359375 0.0546875 0.0125
0 0.9484375 0.803125 0.0484375 0.0515625
0 0.4296875 0.6015625 0.053125 0.0640625
0 0.48828125 0.54453125 0.0734375 0.0296875