0 0.3453125 0.09375 0.103125 0.10625
0 0.2296875 0.2703125 0.0375 0.01875
0 0.98515625 0.40234375 0.0296875 0.0546875
0 0.9546875 0.271875 0.0328125 0.0515625
0 0.03046875 0.4734375 0.0609375 0.059375
0 0.4953125 0.5046875 0.053125 0.03125
0 0.4359375 0.934375 0.028125 0.028125
0 0.3796875 0.4921875 0.0265625 0.0640625
0 0.159375 0.446875 0.025 0.0296875
0 0.3109375 0.8859375 0.0203125 0.0234375
0 0.9765625 0.54375 0.0359375 0.0375
0 0.95 0.5859375 0.0328125 0.03125
0 0.8640625 0.85625 0.05625 0.06875
0 0.6203125 0.98359375 0.134375 0.0328125
0 0.7875 0.890625 0.0265625 0.0296875
0 0.678125 0.50625 0.06875 0.03125