0 0.078125 0.2625 0.059375 0.0625
0 0.321875 0.1890625 0.053125 0.053125
0 0.2 0.2640625 0.065625 0.065625
0 0.5125 0.375 0.05625 0.028125
0 0.890625 0.2109375 0.146875 0.146875
0 0.8875 0.1671875 0.06875 0.06875
0 0.1765625 0.659375 0.059375 0.059375
0 0.6390625 0.64375 0.0625 0.059375
0 0.5828125 0.665625 0.03125 0.03125
0 0.7765625 0.7421875 0.046875 0.040625
0 0.8484375 0.4875 0.0625 0.021875
0 0.6109375 0.7171875 0.040625 0.04375
0 0.7828125 0.4921875 0.03125 0.03125
0 0.959375 0.753125 0.06875 0.06875