0 0.309375 0.1625 0.09375 0.09375
0 0.06796875 0.0375 0.0734375 0.075
0 0.909375 0.16875 0.0796875 0.0828125
0 0.471875 0.31875 0.09375 0.121875
0 0.8859375 0.3609375 0.0359375 0.0328125
0 0.9109375 0.190625 0.05 0.0515625
0 0.528125 0.15 0.0546875 0.184375
0 0.275 0.596875 0.1296875 0.1296875
0 0.2328125 0.934375 0.196875 0.1296875
0 0.24375 0.8625 0.04375 0.0484375
0 0.253125 0.446875 0.075 0.0546875
0 0.065625 0.6578125 0.021875 0.021875
0 0.55 0.7140625 0.0828125 0.0828125
0 0.53125 0.834375 0.09375 0.090625
0 0.59375 0.484375 0.05625 0.05625