0 0.353125 0.440625 0.1109375 0.0765625
0 0.471875 0.009375 0.046875 0.01875
0 0.865625 0.315625 0.059375 0.059375
0 0.68125 0.403125 0.0515625 0.0515625
0 0.5484375 0.028125 0.059375 0.0546875
0 0.7578125 0.278125 0.065625 0.065625
0 0.621875 0.25 0.040625 0.04375
0 0.734375 0.278125 0.0359375 0.0515625
0 0.746875 0.0625 0.2859375 0.109375
0 0.5390625 0.39375 0.040625 0.0421875
0 0.503125 0.696875 0.03125 0.0796875
0 0.21875 0.796875 0.0515625 0.0515625
0 0.196875 0.775 0.1140625 0.1140625
0 0.225 0.771875 0.0921875 0.0921875
0 0.1875 0.8 0.0875 0.0671875
0 0.16875 0.8 0.0453125 0.0390625