0 0.3359375 0.484375 0.090625 0.153125
0 0.046875 0.6328125 0.040625 0.040625
0 0.278125 0.01640625 0.109375 0.0328125
0 0.96640625 0.6265625 0.0671875 0.084375
0 0.97734375 0.15625 0.0453125 0.125
0 0.6234375 0.5234375 0.121875 0.125
0 0.49453125 0.3671875 0.0515625 0.059375
0 0.76953125 0.69375 0.1234375 0.05
0 0.565625 0.475 0.04375 0.04375
0 0.559375 0.3453125 0.084375 0.084375
0 0.5921875 0.3953125 0.078125 0.078125
0 0.7296875 0.5484375 0.05625 0.05625
0 0.11875 0.884375 0.0625 0.075
0 0.2828125 0.928125 0.05 0.05
0 0.94921875 0.8921875 0.1015625 0.109375
0 0.9515625 0.853125 0.05625 0.05625