0 0.2859375 0.4671875 0.15 0.084375
0 0.1296875 0.046875 0.1 0.0921875
0 0.7421875 0.26875 0.08125 0.09375
0 0.865625 0.228125 0.2140625 0.2140625
0 0.73125 0.0265625 0.0640625 0.053125
0 0.828125 0.296875 0.0609375 0.0640625
0 0.5375 0.9328125 0.0640625 0.05
0 0.1375 0.75625 0.0390625 0.0390625
0 0.909375 0.8875 0.071875 0.071875
0 0.9546875 0.5390625 0.0875 0.059375
0 0.8484375 0.975 0.115625 0.0484375
0 0.93984375 0.57109375 0.1203125 0.1234375
0 0.9078125 0.59375 0.053125 0.0546875
0 0.8359375 0.975 0.065625 0.05
0 0.7921875 0.525 0.18125 0.0296875