0 0.3921875 0.3078125 0.078125 0.1125
0 0.2015625 0.0390625 0.04375 0.04375
0 0.3453125 0.121875 0.04375 0.04375
0 0.6328125 0.4625 0.03125 0.03125
0 0.7875 0.465625 0.0375 0.0375
0 0.7359375 0.0890625 0.1 0.103125
0 0.9046875 0.1515625 0.128125 0.11875
0 0.7609375 0.15625 0.0484375 0.0484375
0 0.8171875 0.1375 0.059375 0.059375
0 0.02265625 0.571875 0.0453125 0.08125
0 0.4015625 0.653125 0.06875 0.05625
0 0.46953125 0.7125 0.0390625 0.0875
0 0.25625 0.596875 0.078125 0.071875
0 0.2359375 0.59375 0.059375 0.059375
0 0.16875 0.5375 0.034375 0.03125
0 0.98046875 0.9875 0.0390625 0.025