0 0.240625 0.05 0.090625 0.0875
0 0.81875 0.30859375 0.2 0.1203125
0 0.7890625 0.19375 0.0578125 0.0578125
0 0.915625 0.2703125 0.1640625 0.0765625
0 0.94765625 0.26484375 0.1046875 0.0921875
0 0.88359375 0.2640625 0.2328125 0.209375
0 0.61875 0.075 0.0265625 0.0578125
0 0.46875 0.065625 0.0375 0.059375
0 0.2234375 0.890625 0.059375 0.059375
0 0.1984375 0.5546875 0.05625 0.028125
0 0.4046875 0.9578125 0.040625 0.0546875
0 0.3703125 0.9640625 0.109375 0.0671875
0 0.35 0.5234375 0.0296875 0.0421875
0 0.9921875 0.484375 0.015625 0.046875
0 0.99296875 0.684375 0.0140625 0.040625
0 0.4953125 0.5640625 0.04375 0.05
0 0.89375 0.96171875 0.075 0.0765625
0 0.584375 0.9109375 0.0375 0.04375
0 0.73125 0.5546875 0.0375 0.05625
0 0.9796875 0.79375 0.040625 0.1
0 0.7671875 0.5953125 0.0328125 0.0765625