0 0.6796875 0.04453125 0.090625 0.0890625
0 0.7609375 0.0484375 0.0484375 0.059375
0 0.80546875 0.0375 0.2796875 0.075
0 0.7375 0.03828125 0.196875 0.0765625
0 0.98125 0.034375 0.0375 0.06875
0 0.88125 0.0140625 0.05625 0.028125
0 0.8953125 0.090625 0.0578125 0.0515625
0 0.26875 0.890625 0.04375 0.01875
0 0.125 0.821875 0.08125 0.071875
0 0.14375 0.64375 0.0421875 0.0421875
0 0.7234375 0.9328125 0.059375 0.059375
0 0.53828125 0.65625 0.0765625 0.08125
0 0.52734375 0.65625 0.0546875 0.140625
0 0.6421875 0.6578125 0.0515625 0.053125
0 0.7921875 0.728125 0.0203125 0.0578125
0 0.93203125 0.365625 0.0390625 0.0125