0 0.025 0.3953125 0.05 0.053125
0 0.54375 0.2796875 0.0375 0.0375
0 0.3453125 0.3734375 0.05625 0.05625
0 0.2203125 0.28125 0.053125 0.05
0 0.4578125 0.390625 0.059375 0.075
0 0.3890625 0.3953125 0.203125 0.075
0 0.7296875 0.059375 0.04375 0.04375
0 0.421875 0.5328125 0.084375 0.084375
0 0.3671875 0.8265625 0.1 0.096875
0 0.990625 0.7046875 0.01875 0.05625
0 0.77109375 0.4828125 0.1140625 0.046875
0 0.86171875 0.490625 0.1984375 0.0625
0 0.925 0.6453125 0.0734375 0.0984375
0 0.86875 0.7703125 0.115625 0.1171875
0 0.8078125 0.8875 0.05 0.0515625