0 0.3609375 0.38125 0.04375 0.04375
0 0.4265625 0.28515625 0.034375 0.0734375
0 0.7828125 0.309375 0.13125 0.115625
0 0.8015625 0.284375 0.084375 0.084375
0 0.7640625 0.3375 0.109375 0.065625
0 0.9109375 0.2875 0.05625 0.053125
0 0.6109375 0.2421875 0.06875 0.06875
0 0.4734375 0.03515625 0.128125 0.0703125
0 0.3265625 0.9921875 0.053125 0.015625
0 0.35859375 0.5875 0.1015625 0.115625
0 0.34453125 0.6609375 0.1296875 0.078125
0 0.846875 0.990625 0.06875 0.01875
0 0.7734375 0.95078125 0.134375 0.0984375
0 0.44296875 0.96328125 0.0671875 0.0734375
0 0.45625 0.921875 0.05625 0.05625