0 0.45625 0.41875 0.059375 0.059375
0 0.075 0.1421875 0.04375 0.04375
0 0.46484375 0.05390625 0.1890625 0.1078125
0 0.38828125 0.14609375 0.3421875 0.2921875
0 0.4640625 0.25859375 0.190625 0.2109375
0 0.625 0.02421875 0.0875 0.0484375
0 0.9140625 0.1921875 0.075 0.071875
0 0.8375 0.1578125 0.06875 0.06875
0 0.2921875 0.9578125 0.0625 0.0625
0 0.1578125 0.8421875 0.0375 0.034375
0 0.29375 0.7828125 0.034375 0.034375
0 0.2859375 0.7453125 0.075 0.075
0 0.2734375 0.7109375 0.0390625 0.040625
0 0.6421875 0.971875 0.059375 0.05625
0 0.5828125 0.58671875 0.040625 0.0359375
0 0.8140625 0.8125 0.078125 0.078125
0 0.7796875 0.6625 0.04375 0.04375
0 0.684375 0.8265625 0.04375 0.05
0 0.640625 0.784375 0.0453125 0.04375
0 0.79375 0.6765625 0.034375 0.0625