0 0.41875 0.8390625 0.0296875 0.0265625
0 0.4421875 0.15625 0.0375 0.0265625
0 0.8203125 0.7078125 0.05625 0.0515625
0 0.1484375 0.634375 0.025 0.025
0 0.428125 0.596875 0.0203125 0.0234375
0 0.346875 0.746875 0.0203125 0.0203125
0 0.884375 0.228125 0.0328125 0.0359375
0 0.1625 0.69375 0.028125 0.0265625
0 0.246875 0.3484375 0.028125 0.0265625
0 0.2640625 0.890625 0.0328125 0.0296875
0 0.2859375 0.365625 0.040625 0.04375
0 0.571875 0.8734375 0.021875 0.0203125
0 0.8703125 0.146875 0.0203125 0.028125
0 0.846875 0.5265625 0.0359375 0.0484375
0 0.29375 0.6359375 0.03125 0.040625
0 0.7421875 0.5640625 0.034375 0.03125
0 0.13125 0.8078125 0.01875 0.01875
0 0.2640625 0.35625 0.05625 0.040625
0 0.34375 0.1390625 0.01875 0.0203125
0 0.2828125 0.7546875 0.028125 0.084375
0 0.765625 0.325 0.053125 0.034375
0 0.30625 0.4265625 0.0234375 0.028125