0 0.303125 0.421875 0.05 0.05
0 0.396875 0.5 0.046875 0.046875
0 0.321875 0.578125 0.04375 0.04375
0 0.4453125 0.434375 0.040625 0.0375
0 0.165625 0.15625 0.065625 0.065625
0 0.075 0.1703125 0.0625 0.0625
0 0.378125 0.1328125 0.04375 0.059375
0 0.034375 0.1609375 0.03125 0.028125
0 0.7484375 0.40625 0.090625 0.053125
0 0.6265625 0.4171875 0.109375 0.046875
0 0.9796875 0.3796875 0.040625 0.046875
0 0.0328125 0.9109375 0.0375 0.0375
0 0.1546875 0.8015625 0.03125 0.03125
0 0.45859375 0.84375 0.0828125 0.11875
0 0.4796875 0.82265625 0.040625 0.0546875
0 0.98203125 0.8 0.0359375 0.059375
0 0.97578125 0.79375 0.0484375 0.053125