0 0.446875 0.4015625 0.0734375 0.0734375
0 0.55 0.55 0.05625 0.01875
0 0.190625 0.378125 0.034375 0.034375
0 0.071875 0.3421875 0.0296875 0.0296875
0 0.4484375 0.078125 0.065625 0.065625
0 0.33125 0.328125 0.034375 0.034375
0 0.128125 0.5359375 0.0546875 0.046875
0 0.1125 0.515625 0.1 0.0890625
0 0.746875 0.5046875 0.0515625 0.0515625
0 0.7109375 0.51875 0.021875 0.0828125
0 0.725 0.325 0.05 0.0703125
0 0.734375 0.2546875 0.0671875 0.078125
0 0.9125 0.215625 0.1734375 0.1640625
0 0.784375 0.375 0.05625 0.05625
0 0.890625 0.23125 0.1109375 0.1109375
0 0.965625 0.2 0.05 0.05