0 0.98984375 0.396875 0.0203125 0.071875
0 0.6828125 0.3625 0.04375 0.0375
0 0.2171875 0.6765625 0.046875 0.046875
0 0.3296875 0.8390625 0.065625 0.065625
0 0.390625 0.990625 0.01875 0.01875
0 0.0859375 0.815625 0.0328125 0.0234375
0 0.00390625 0.796875 0.0078125 0.04375
0 0.3265625 0.52890625 0.034375 0.0203125
0 0.9015625 0.54453125 0.059375 0.0515625
0 0.6 0.55078125 0.125 0.0640625
0 0.6796875 0.628125 0.08125 0.0890625
0 0.72890625 0.52890625 0.0578125 0.0203125
0 0.621875 0.853125 0.0953125 0.0953125
0 0.596875 0.721875 0.0625 0.0609375
0 0.42578125 0.83125 0.0515625 0.053125
0 0.5328125 0.696875 0.0453125 0.0125