0 0.0625 0.2359375 0.06875 0.075
0 0.3890625 0.26875 0.109375 0.109375
0 0.4140625 0.2703125 0.078125 0.08125
0 0.63125 0.1609375 0.078125 0.078125
0 0.83125 0.2953125 0.034375 0.034375
0 0.684375 0.4875 0.08125 0.084375
0 0.809375 0.46875 0.05625 0.05625
0 0.709375 0.528125 0.065625 0.04375
0 0.03125 0.7765625 0.0375 0.05625
0 0.4171875 0.9265625 0.034375 0.034375
0 0.121875 0.8484375 0.025 0.021875
0 0.5671875 0.9125 0.028125 0.053125
0 0.58125 0.7984375 0.046875 0.05
0 0.603125 0.7375 0.075 0.075
0 0.9859375 0.60625 0.028125 0.04375