0 0.5 0.1125 0.1 0.103125
0 0.940625 0.0859375 0.028125 0.028125
0 0.8453125 0.0140625 0.01875 0.01875
0 0.9765625 0.2328125 0.028125 0.028125
0 0.321875 0.70625 0.075 0.01875
0 0.34375 0.365625 0.084375 0.084375
0 0.5375 0.553125 0.040625 0.040625
0 0.640625 0.8796875 0.096875 0.075
0 0.75 0.925 0.05625 0.0625
0 0.809375 0.90625 0.059375 0.059375
0 0.721875 0.4828125 0.053125 0.0640625
0 0.78125 0.390625 0.0734375 0.1
0 0.665625 0.628125 0.0703125 0.0765625
0 0.6625 0.6484375 0.059375 0.059375
0 0.60625 0.715625 0.03125 0.034375