0 0.1078125 0.31328125 0.084375 0.0734375
0 0.3125 0.33984375 0.05 0.0203125
0 0.7921875 0.0796875 0.1875 0.153125
0 0.7625 0.2953125 0.05 0.046875
0 0.1140625 0.7765625 0.0375 0.0375
0 0.2015625 0.9015625 0.05625 0.05625
0 0.078125 0.5515625 0.065625 0.065625
0 0.03515625 0.4765625 0.0703125 0.109375
0 0.90703125 0.9859375 0.0265625 0.028125
0 0.9296875 0.690625 0.071875 0.08125
0 0.93359375 0.753125 0.1328125 0.2875
0 0.93203125 0.696875 0.1359375 0.165625
0 0.8359375 0.525 0.0875 0.0859375
0 0.5765625 0.446875 0.046875 0.046875