0 0.00625 0.3875 0.0109375 0.0359375
0 0.115625 0.33125 0.0234375 0.0234375
0 0.86875 0.3859375 0.0578125 0.071875
0 0.63125 0.359375 0.0453125 0.0625
0 0.55 0.540625 0.05625 0.05625
0 0.746875 0.0265625 0.0390625 0.0375
0 0.015625 0.9765625 0.03125 0.046875
0 0.1015625 0.69375 0.084375 0.0859375
0 0.025 0.86796875 0.05 0.1046875
0 0.4828125 0.7375 0.053125 0.053125
0 0.76875 0.625 0.05625 0.0140625
0 0.684375 0.915625 0.05 0.046875
0 0.575 0.6921875 0.0734375 0.0734375
0 0.990625 0.634375 0.01875 0.03125