0 0.2453125 0.0125 0.1125 0.025
0 0.10625 0.0125 0.034375 0.025
0 0.1625 0.46875 0.0375 0.0375
0 0.7796875 0.3828125 0.0546875 0.0546875
0 0.921875 0.3921875 0.0859375 0.0765625
0 0.759375 0.478125 0.0546875 0.0453125
0 0.3296875 0.771875 0.0703125 0.0703125
0 0.2140625 0.8484375 0.096875 0.096875
0 0.225 0.834375 0.0703125 0.071875
0 0.1875 0.74375 0.05 0.05
0 0.771875 0.73125 0.0453125 0.0453125
0 0.6359375 0.75625 0.0296875 0.0265625
0 0.40625 0.5875 0.0421875 0.04375
0 0.5515625 0.975 0.0390625 0.034375