0 0.2671875 0.4109375 0.19375 0.19375
0 0.2609375 0.0234375 0.078125 0.046875
0 0.45234375 0.3640625 0.1140625 0.125
0 0.4859375 0.32109375 0.046875 0.1796875
0 0.6484375 0.2328125 0.05625 0.05625
0 0.53828125 0.559375 0.0578125 0.075
0 0.8609375 0.5421875 0.046875 0.046875
0 0.053125 0.8640625 0.05625 0.05625
0 0.3609375 0.7 0.059375 0.059375
0 0.090625 0.68671875 0.090625 0.0734375
0 0.99453125 0.88203125 0.0109375 0.0671875
0 0.75546875 0.9765625 0.0734375 0.046875
0 0.940625 0.9125 0.0609375 0.05