0 0.61875 0.6828125 0.0453125 0.08125
0 0.478125 0.1453125 0.04375 0.0390625
0 0.6 0.3109375 0.053125 0.0296875
0 0.2484375 0.5203125 0.053125 0.0515625
0 0.4625 0.259375 0.0390625 0.0640625
0 0.5234375 0.628125 0.0421875 0.028125
0 0.0171875 0.859375 0.028125 0.084375
0 0.728125 0.8625 0.0390625 0.0359375
0 0.4609375 0.396875 0.0375 0.034375
0 0.4671875 0.28125 0.046875 0.028125
0 0.246875 0.8 0.0546875 0.0703125
0 0.06875 0.1203125 0.025 0.0203125
0 0.2234375 0.609375 0.0390625 0.034375
0 0.253125 0.3109375 0.0578125 0.2796875
0 0.61875 0.453125 0.0359375 0.0375