0 0.45 0.02890625 0.06875 0.0578125
0 0.2046875 0.03203125 0.084375 0.0640625
0 0.10625 0.1046875 0.075 0.075
0 0.3375 0.45078125 0.040625 0.0171875
0 0.0828125 0.0984375 0.04375 0.05625
0 0.88125 0.44453125 0.046875 0.0296875
0 0.96640625 0.4375 0.0671875 0.04375
0 0.8109375 0.23125 0.0875 0.090625
0 0.8234375 0.19375 0.053125 0.059375
0 0.5 0.4796875 0.04375 0.040625
0 0.159375 0.47734375 0.071875 0.0359375
0 0.78125 0.8765625 0.18125 0.18125
0 0.68359375 0.7515625 0.0671875 0.125
0 0.7984375 0.8484375 0.084375 0.115625
0 0.715625 0.5609375 0.034375 0.034375