0 0.075 0.253125 0.090625 0.0953125
0 0.10625 0.121875 0.0640625 0.0640625
0 0.171875 0.0875 0.046875 0.046875
0 0.45 0.115625 0.05625 0.05625
0 0.8734375 0.3375 0.0671875 0.0671875
0 0.6890625 0.4265625 0.096875 0.046875
0 0.6921875 0.0609375 0.0625 0.0578125
0 0.5921875 0.11875 0.1046875 0.09375
0 0.1125 0.896875 0.2078125 0.2046875
0 0.109375 0.715625 0.0859375 0.09375
0 0.378125 0.6 0.0609375 0.0609375
0 0.375 0.6890625 0.0390625 0.0390625
0 0.45 0.703125 0.05 0.05
0 0.9 0.8921875 0.0859375 0.078125