0 0.434375 0.153125 0.053125 0.053125
0 0.3609375 0.4390625 0.059375 0.065625
0 0.35625 0.3140625 0.034375 0.03125
0 0.459375 0.2625 0.053125 0.1125
0 0.94375 0.565625 0.065625 0.028125
0 0.79375 0.421875 0.034375 0.021875
0 0.95546875 0.55 0.0890625 0.059375
0 0.6875 0.3484375 0.046875 0.040625
0 0.4328125 0.8390625 0.059375 0.059375
0 0.6265625 0.978125 0.053125 0.04375
0 0.546875 0.590625 0.0625 0.021875
0 0.3484375 0.8984375 0.0734375 0.0984375
0 0.2921875 0.7734375 0.115625 0.1171875
0 0.23125 0.65625 0.05 0.0515625