0 0.475 0.35 0.08125 0.0875
0 0.4484375 0.4671875 0.071875 0.071875
0 0.4671875 0.4546875 0.10625 0.103125
0 0.65078125 0.325 0.1234375 0.13125
0 0.59765625 0.215625 0.0171875 0.090625
0 0.9796875 0.49765625 0.040625 0.0703125
0 0.6296875 0.01875 0.08125 0.0375
0 0.6484375 0.121875 0.0625 0.0609375
0 0.81953125 0.01953125 0.0546875 0.0390625
0 0.7125 0.146875 0.0453125 0.0125
0 0.2921875 0.946875 0.04375 0.040625
0 0.278125 0.7015625 0.0375 0.0375
0 0.2765625 0.8671875 0.040625 0.040625
0 0.690625 0.7140625 0.053125 0.04375
0 0.9390625 0.9703125 0.06875 0.059375