0 0.453125 0.19375 0.0875 0.025
0 0.35 0.078125 0.05625 0.05625
0 0.371875 0.3796875 0.13125 0.128125
0 0.2625 0.3 0.0875 0.08125
0 0.38125 0.25 0.059375 0.0625
0 0.04296875 0.3578125 0.0859375 0.1
0 0.16875 0.3828125 0.0625 0.0625
0 0.059375 0.5546875 0.05625 0.05625
0 0.19375 0.446875 0.015625 0.04375
0 0.7546875 0.2921875 0.065625 0.065625
0 0.7140625 0.365625 0.15 0.140625
0 0.7859375 0.4015625 0.08125 0.065625
0 0.9625 0.4828125 0.075 0.115625
0 0.8140625 0.55625 0.08125 0.065625
0 0.4234375 0.7140625 0.03125 0.04375
0 0.2109375 0.865625 0.278125 0.26875
0 0.1734375 0.6609375 0.05 0.05