0 0.90625 0.134375 0.0734375 0.071875
0 0.74375 0.00625 0.0546875 0.0125
0 0.86875 0.2671875 0.0859375 0.0859375
0 0.8828125 0.00625 0.05625 0.0125
0 0.696875 0.29375 0.0390625 0.0390625
0 0.9703125 0.259375 0.04375 0.04375
0 0.7375 0.071875 0.03125 0.03125
0 0.578125 0.3578125 0.0890625 0.021875
0 0.5640625 0.359375 0.065625 0.0171875
0 0.871875 0.28125 0.046875 0.046875
0 0.8125 0.0453125 0.025 0.025
0 0.9078125 0.196875 0.0296875 0.0296875
0 0.0390625 0.525 0.078125 0.084375
0 0.0125 0.51875 0.0234375 0.0953125
0 0.115625 0.39375 0.1609375 0.0484375
0 0.478125 0.834375 0.0625 0.0625
0 0.50625 0.96484375 0.0875 0.0703125
0 0.3765625 0.840625 0.0515625 0.0515625