0 0.146875 0.00859375 0.05 0.0171875
0 0.95625 0.2046875 0.0875 0.15625
0 0.9625 0.28125 0.075 0.075
0 0.90625 0.278125 0.1875 0.24375
0 0.934375 0.253125 0.13125 0.215625
0 0.871875 0.353125 0.065625 0.065625
0 0.9234375 0.38828125 0.078125 0.0234375
0 0.5484375 0.159375 0.0515625 0.0515625
0 0.421875 0.40859375 0.046875 0.0171875
0 0.11875 0.93125 0.040625 0.034375
0 0.4171875 0.8046875 0.059375 0.025
0 0.228125 0.953125 0.059375 0.053125
0 0.9078125 0.6734375 0.046875 0.0375
0 0.5078125 0.43828125 0.0375 0.0765625
0 0.8375 0.8953125 0.0375 0.028125