0 0.2765625 0.1578125 0.05 0.05
0 0.4515625 0.240625 0.040625 0.04375
0 0.26875 0.109375 0.125 0.125
0 0.315625 0.01328125 0.053125 0.0265625
0 0.240625 0.1 0.0375 0.0375
0 0.796875 0.2203125 0.0625 0.0625
0 0.7078125 0.2171875 0.0390625 0.0390625
0 0.69375 0.28359375 0.05 0.0328125
0 0.47109375 0.38984375 0.0765625 0.1796875
0 0.484375 0.36875 0.05 0.10625
0 0.45078125 0.37890625 0.1171875 0.1578125
0 0.434375 0.975 0.15 0.05
0 0.265625 0.575 0.065625 0.065625
0 0.33125 0.503125 0.0875 0.0875
0 0.21875 0.440625 0.04375 0.04375
0 0.175 0.940625 0.046875 0.046875
0 0.8265625 0.75625 0.053125 0.053125
0 0.815625 0.3890625 0.090625 0.090625
0 0.83125 0.9625 0.05625 0.075
0 0.83125 0.9453125 0.04375 0.04375
0 0.83125 0.484375 0.075 0.303125
0 0.8265625 0.546875 0.05625 0.15
0 0.825 0.6 0.040625 0.0625