0 0.3609375 0.3484375 0.065625 0.04375
0 0.1078125 0.58046875 0.0625 0.0171875
0 0.109375 0.040625 0.046875 0.03125
0 0.428125 0.4953125 0.071875 0.040625
0 0.3078125 0.203125 0.034375 0.034375
0 0.3796875 0.58203125 0.0375 0.0140625
0 0.553125 0.471875 0.046875 0.046875
0 0.6578125 0.04375 0.065625 0.0625
0 0.9671875 0.04296875 0.065625 0.0859375
0 0.984375 0.046875 0.03125 0.05
0 0.31875 0.8859375 0.0453125 0.0453125
0 0.38671875 0.96640625 0.0703125 0.0671875
0 0.9515625 0.9109375 0.04375 0.04375