0 0.1703125 0.1671875 0.05625 0.05625
0 0.40859375 0.4203125 0.0421875 0.04375
0 0.3171875 0.1 0.053125 0.053125
0 0.025 0.2203125 0.0375 0.040625
0 0.4140625 0.1484375 0.03125 0.046875
0 0.5765625 0.2078125 0.0875 0.084375
0 0.6890625 0.48125 0.09375 0.09375
0 0.6109375 0.3828125 0.059375 0.059375
0 0.6609375 0.2796875 0.140625 0.140625
0 0.4859375 0.0296875 0.1125 0.059375
0 0.15625 0.7078125 0.05625 0.04375
0 0.184375 0.809375 0.0375 0.05
0 0.4828125 0.7 0.065625 0.065625
0 0.9109375 0.56328125 0.11875 0.0484375