0 0.2578125 0.275 0.046875 0.046875
0 0.2515625 0.2796875 0.028125 0.034375
0 0.659375 0.396875 0.071875 0.071875
0 0.8328125 0.0859375 0.0625 0.0625
0 0.921875 0.0828125 0.0390625 0.0390625
0 0.9359375 0.1578125 0.05 0.05
0 0.253125 0.89375 0.028125 0.025
0 0.88125 0.634375 0.065625 0.065625
0 0.65 0.625 0.0625 0.0625
0 0.7953125 0.640625 0.034375 0.028125
0 0.515625 0.6703125 0.021875 0.01875
0 0.5296875 0.5640625 0.025 0.025
0 0.7625 0.60625 0.028125 0.0265625
0 0.96328125 0.990625 0.0734375 0.01875
0 0.81875 0.603125 0.034375 0.04375
0 0.940625 0.6671875 0.03125 0.0390625
0 0.771875 0.971875 0.01875 0.0171875
0 0.865625 0.996875 0.053125 0.00625
0 0.92265625 0.99296875 0.0234375 0.0140625