0 0.140625 0.09375 0.06875 0.06875
0 0.2390625 0.2453125 0.04375 0.04375
0 0.2578125 0.37265625 0.034375 0.0328125
0 0.58125 0.0875 0.075 0.090625
0 0.3875 0.178125 0.05625 0.05625
0 0.8953125 0.01796875 0.084375 0.0359375
0 0.6734375 0.0765625 0.109375 0.06875
0 0.01875 0.859375 0.0375 0.08125
0 0.15 0.4625 0.05 0.05
0 0.253125 0.871875 0.04375 0.04375
0 0.390625 0.9625 0.053125 0.053125
0 0.384375 0.99453125 0.040625 0.0109375
0 0.325 0.98515625 0.071875 0.0296875
0 0.29921875 0.42578125 0.1203125 0.0734375
0 0.9375 0.55 0.04375 0.046875
0 0.653125 0.5171875 0.04375 0.040625
0 0.8109375 0.5203125 0.040625 0.0375
0 0.7015625 0.503125 0.153125 0.090625