0 0.065625 0.309375 0.021875 0.025
0 0.25 0.3234375 0.021875 0.025
0 0.071875 0.25 0.065625 0.0625
0 0.2640625 0.21875 0.01875 0.01875
0 0.1703125 0.25625 0.04375 0.040625
0 0.1125 0.246875 0.025 0.025
0 0.8125 0.2859375 0.05 0.05
0 0.59375 0.025 0.040625 0.040625
0 0.7609375 0.3203125 0.028125 0.025
0 0.9671875 0.3515625 0.03125 0.03125
0 0.975 0.0734375 0.05 0.0375
0 0.8 0.3640625 0.034375 0.03125
0 0.9171875 0.0984375 0.03125 0.03125
0 0.1703125 0.9109375 0.0625 0.0375
0 0.41640625 0.934375 0.0265625 0.040625
0 0.703125 0.875 0.0875 0.0875
0 0.99296875 0.771875 0.0140625 0.046875
0 0.74375 0.965625 0.16875 0.06875
0 0.884375 0.7359375 0.053125 0.05
0 0.69375 0.796875 0.071875 0.071875
0 0.75 0.709375 0.08125 0.084375
0 0.6796875 0.7984375 0.053125 0.053125
0 0.73125 0.96015625 0.090625 0.0796875