0 0.04375 0.1171875 0.059375 0.059375
0 0.021875 0.0609375 0.034375 0.034375
0 0.2 0.3265625 0.021875 0.0625
0 0.1953125 0.2609375 0.03125 0.03125
0 0.97890625 0.01328125 0.0421875 0.0265625
0 0.3140625 0.046875 0.034375 0.034375
0 0.334375 0.3421875 0.090625 0.096875
0 0.525 0.1140625 0.040625 0.090625
0 0.34375 0.409375 0.078125 0.05
0 0.4390625 0.275 0.065625 0.065625
0 0.7578125 0.5125 0.078125 0.078125
0 0.9328125 0.47890625 0.021875 0.0203125
0 0.3171875 0.659375 0.0375 0.0375
0 0.6359375 0.47265625 0.034375 0.0078125
0 0.5921875 0.753125 0.034375 0.028125