0 0.3390625 0.54375 0.040625 0.04375
0 0.7609375 0.503125 0.071875 0.071875
0 0.93515625 0.55390625 0.1296875 0.0296875
0 0.6375 0.3125 0.196875 0.346875
0 0.66875 0.178125 0.1265625 0.1671875
0 0.6984375 0.15 0.065625 0.1078125
0 0.5703125 0.12421875 0.0625 0.0609375
0 0.921875 0.034375 0.053125 0.053125
0 0.84921875 0.01484375 0.0546875 0.0296875
0 0.02734375 0.9625 0.0546875 0.053125
0 0.196875 0.84375 0.0390625 0.0390625
0 0.01484375 0.64375 0.0296875 0.05
0 0.171875 0.815625 0.103125 0.1078125
0 0.82421875 0.62109375 0.1078125 0.1046875