0 0.165625 0.4875 0.09375 0.0375
0 0.2234375 0.33125 0.0125 0.03125
0 0.209375 0.259375 0.040625 0.034375
0 0.3515625 0.43125 0.034375 0.021875
0 0.6875 0.446875 0.0375 0.0375
0 0.921875 0.484375 0.0375 0.059375
0 0.24921875 0.3578125 0.0390625 0.040625
0 0.0546875 0.965625 0.10625 0.040625
0 0.9234375 0.896875 0.1 0.1
0 0.684375 0.915625 0.021875 0.025
0 0.96875 0.98828125 0.0625 0.0234375
0 0.2453125 0.940625 0.03125 0.08125
0 0.3765625 0.97109375 0.059375 0.0578125
0 0.7703125 0.7625 0.03125 0.03125
0 0.7734375 0.6078125 0.0375 0.034375
0 0.8859375 0.546875 0.090625 0.015625
0 0.396875 0.659375 0.1 0.1
0 0.4640625 0.634375 0.0484375 0.0484375
0 0.4453125 0.578125 0.059375 0.059375