0 0.103125 0.0328125 0.0984375 0.065625
0 0.03671875 0.00625 0.0546875 0.0125
0 0.0875 0.3796875 0.109375 0.1
0 0.040625 0.2359375 0.0796875 0.10625
0 0.115625 0.228125 0.0515625 0.0515625
0 0.0171875 0.3390625 0.034375 0.059375
0 0.1140625 0.2984375 0.0484375 0.05
0 0.025 0.1515625 0.034375 0.0390625
0 0.5265625 0.1296875 0.0625 0.0625
0 0.3890625 0.4953125 0.059375 0.065625
0 0.409375 0.9875 0.0171875 0.025
0 0.0890625 0.45625 0.05625 0.0546875
0 0.93046875 0.95546875 0.1390625 0.0859375
0 0.93359375 0.53984375 0.1328125 0.1609375
0 0.9640625 0.471875 0.0625 0.0546875
0 0.896875 0.8953125 0.0578125 0.0703125