0 0.2 0.0703125 0.0625 0.0625
0 0.0875 0.0171875 0.0578125 0.034375
0 0.440625 0.1625 0.1859375 0.1859375
0 0.4453125 0.415625 0.2375 0.0890625
0 0.396875 0.253125 0.2109375 0.2
0 0.30625 0.0984375 0.1046875 0.1015625
0 0.5609375 0.4296875 0.05625 0.059375
0 0.253125 0.4296875 0.1109375 0.059375
0 0.953125 0.340625 0.0921875 0.2078125
0 0.9609375 0.3484375 0.078125 0.11875
0 0.9 0.275 0.0875 0.0875
0 0.5671875 0.8578125 0.04375 0.065625
0 0.3828125 0.66875 0.0390625 0.0390625
0 0.446875 0.9796875 0.0546875 0.040625
0 0.71875 0.9 0.084375 0.084375