0 0.425 0.4296875 0.084375 0.059375
0 0.29375 0.42265625 0.075 0.0734375
0 0.26796875 0.02890625 0.1109375 0.0578125
0 0.446875 0.1234375 0.053125 0.053125
0 0.9375 0.00859375 0.03125 0.0171875
0 0.7828125 0.4140625 0.05 0.0375
0 0.06875 0.9625 0.065625 0.065625
0 0.1546875 0.8703125 0.06875 0.05
0 0.4515625 0.7328125 0.04375 0.04375
0 0.1890625 0.7703125 0.0375 0.0375
0 0.3296875 0.5578125 0.0375 0.04375
0 0.146875 0.74375 0.034375 0.03125
0 0.4125 0.875 0.034375 0.028125
0 0.440625 0.640625 0.040625 0.040625
0 0.128125 0.9203125 0.04375 0.04375
0 0.2265625 0.4828125 0.03125 0.046875
0 0.659375 0.725 0.078125 0.075