0 0.0578125 0.19375 0.096875 0.1
0 0.0734375 0.325 0.11875 0.1359375
0 0.021875 0.09375 0.0328125 0.0328125
0 0.4984375 0.2 0.01875 0.0328125
0 0.89375 0.04375 0.05625 0.05625
0 0.9671875 0.440625 0.065625 0.0890625
0 0.978125 0.0109375 0.0328125 0.021875
0 0.621875 0.24375 0.0234375 0.0234375
0 0.7359375 0.49375 0.03125 0.0125
0 0.8046875 0.096875 0.0328125 0.025
0 0.41875 0.8296875 0.0796875 0.0796875
0 0.08125 0.8046875 0.0703125 0.0703125
0 0.125 0.8015625 0.1203125 0.1203125
0 0.246875 0.509375 0.0359375 0.0203125
0 0.965625 0.765625 0.0671875 0.0796875
0 0.60625 0.9765625 0.0734375 0.046875
0 0.9859375 0.65625 0.028125 0.05
0 0.69375 0.9921875 0.0546875 0.015625
0 0.8671875 0.9640625 0.0375 0.0546875