0 0.5 0.071875 0.2 0.14375
0 0.46875 0.103125 0.15625 0.15625
0 0.4390625 0.13125 0.065625 0.10625
0 0.6046875 0.15625 0.103125 0.103125
0 0.215625 0.246875 0.05625 0.05625
0 0.2875 0.278125 0.059375 0.059375
0 0.5875 0.5671875 0.078125 0.078125
0 0.6296875 0.3796875 0.053125 0.053125
0 0.63515625 0.1984375 0.0890625 0.034375
0 0.65234375 0.465625 0.0546875 0.065625
0 0.9484375 0.0390625 0.078125 0.078125
0 0.94140625 0.1703125 0.1171875 0.11875
0 0.9875 0.3390625 0.025 0.021875
0 0.9546875 0.1953125 0.090625 0.109375
0 0.95703125 0.38125 0.0859375 0.084375
0 0.94140625 0.55625 0.1171875 0.146875
0 0.1203125 0.9234375 0.025 0.028125
0 0.9140625 0.8546875 0.10625 0.10625
0 0.9265625 0.853125 0.0625 0.053125