0 0.0734375 0.2203125 0.0875 0.0875
0 0.1515625 0.26875 0.0875 0.084375
0 0.2109375 0.2859375 0.06875 0.0625
0 0.7375 0.4109375 0.065625 0.046875
0 0.8734375 0.225 0.028125 0.025
0 0.834375 0.4796875 0.05 0.040625
0 0.478125 0.41328125 0.01875 0.0296875
0 0.4109375 0.803125 0.096875 0.125
0 0.0078125 0.7609375 0.015625 0.0375
0 0.3546875 0.9546875 0.125 0.090625
0 0.2890625 0.6375 0.05625 0.05625
0 0.9296875 0.99296875 0.059375 0.0140625
0 0.559375 0.921875 0.065625 0.065625
0 0.840625 0.9515625 0.31875 0.096875