0 0.828125 0.128125 0.0875 0.0875
0 0.03828125 0.4078125 0.0765625 0.078125
0 0.2171875 0.7765625 0.078125 0.1109375
0 0.0484375 0.65625 0.096875 0.028125
0 0.4671875 0.58125 0.071875 0.059375
0 0.6578125 0.5109375 0.059375 0.059375
0 0.74375 0.603125 0.065625 0.0453125
0 0.778125 0.703125 0.0375 0.0359375
0 0.91875 0.915625 0.0359375 0.0453125
0 0.7359375 0.7296875 0.03125 0.0328125
0 0.465625 0.815625 0.06875 0.05625
0 0.9921875 0.5984375 0.015625 0.028125
0 0.7171875 0.553125 0.0515625 0.0375
0 0.43125 0.8921875 0.0296875 0.0265625
0 0.815625 0.98359375 0.03125 0.0328125