0 0.2390625 0.3640625 0.053125 0.05625
0 0.3296875 0.375 0.05 0.05
0 0.35078125 0.73828125 0.0515625 0.0234375
0 0.025 0.3484375 0.046875 0.059375
0 0.371875 0.3640625 0.015625 0.040625
0 0.509375 0.43125 0.059375 0.059375
0 0.5125 0.6515625 0.04375 0.04375
0 0.634375 0.36875 0.053125 0.0625
0 0.76875 0.475 0.03125 0.03125
0 0.55625 0.3 0.03125 0.03125
0 0.5796875 0.6 0.021875 0.025
0 0.921875 0.496875 0.078125 0.065625
0 0.925 0.5109375 0.0640625 0.0359375
0 0.640625 0.35625 0.0375 0.0359375
0 0.509375 0.559375 0.01875 0.01875
0 0.5546875 0.3875 0.0234375 0.021875
0 0.440625 0.97109375 0.059375 0.0578125
0 0.94375 0.77109375 0.109375 0.0421875