0 0.459375 0.4484375 0.03125 0.03125
0 0.6390625 0.196875 0.140625 0.140625
0 0.7109375 0.259375 0.0625 0.0625
0 0.6640625 0.165625 0.075 0.075
0 0.7859375 0.43203125 0.084375 0.0734375
0 0.6625 0.08125 0.04375 0.0421875
0 0.140625 0.728125 0.078125 0.075
0 0.24375 0.5796875 0.05625 0.01875
0 0.025 0.8015625 0.034375 0.034375
0 0.440625 0.625 0.0515625 0.0515625
0 0.4046875 0.6109375 0.021875 0.0828125
0 0.41875 0.8046875 0.05 0.0703125
0 0.428125 0.875 0.0671875 0.078125
0 0.478125 0.7546875 0.05625 0.05625
0 0.9828125 0.4953125 0.03125 0.0375