0 0.3484375 0.2515625 0.084375 0.08125
0 0.1453125 0.11875 0.034375 0.034375
0 0.378125 0.1140625 0.053125 0.03125
0 0.375 0.24375 0.053125 0.040625
0 0.3484375 0.115625 0.121875 0.034375
0 0.7078125 0.109375 0.053125 0.05
0 0.71875 0.2 0.053125 0.053125
0 0.7078125 0.2609375 0.05 0.05
0 0.8421875 0.60625 0.046875 0.046875
0 0.790625 0.4484375 0.146875 0.059375
0 0.475 0.9625 0.090625 0.075
0 0.9078125 0.8875 0.065625 0.071875
0 0.8546875 0.86875 0.03125 0.03125
0 0.4640625 0.6625 0.034375 0.0375
0 0.8796875 0.815625 0.046875 0.046875
0 0.9609375 0.76875 0.04375 0.071875
0 0.98671875 0.78125 0.0265625 0.075