0 0.11875 0.234375 0.2296875 0.0859375
0 0.859375 0.746875 0.1015625 0.05625
0 0.221875 0.6515625 0.084375 0.0609375
0 0.371875 0.8796875 0.0703125 0.0484375
0 0.65625 0.6140625 0.040625 0.028125
0 0.0984375 0.6890625 0.0390625 0.0609375
0 0.0859375 0.68125 0.071875 0.0984375
0 0.3546875 0.61875 0.0375 0.03125
0 0.8890625 0.609375 0.0546875 0.028125
0 0.784375 0.1921875 0.3359375 0.08125
0 0.6578125 0.2109375 0.5875 0.08125
0 0.8859375 0.7390625 0.05 0.0375
0 0.478125 0.21875 0.2828125 0.0625
0 0.3796875 0.6171875 0.0859375 0.034375
0 0.859375 0.6109375 0.121875 0.034375
0 0.0671875 0.6421875 0.0640625 0.0265625