0 0.215625 0.465625 0.0609375 0.0296875
0 0.59375 0.303125 0.0328125 0.0703125
0 0.40859375 0.009375 0.0484375 0.01875
0 0.146875 0.2671875 0.040625 0.0421875
0 0.59375 0.3140625 0.0328125 0.065625
0 0.990625 0.034375 0.01875 0.06875
0 0.9359375 0.425 0.06875 0.065625
0 0.9625 0.371875 0.0734375 0.1015625
0 0.025 0.6734375 0.0484375 0.05625
0 0.9 0.7015625 0.0703125 0.0703125
0 0.69375 0.7 0.0703125 0.0703125
0 0.815625 0.78125 0.0828125 0.0828125
0 0.70625 0.8625 0.05 0.05
0 0.796875 0.790625 0.05 0.0546875
0 0.88359375 0.9375 0.2328125 0.125