0 0.6015625 0.034375 0.0875 0.06875
0 0.56015625 0.25 0.0421875 0.071875
0 0.590625 0.109375 0.0328125 0.0375
0 0.5609375 0.390625 0.0234375 0.025
0 0.9765625 0.403125 0.021875 0.0234375
0 0.553125 0.13359375 0.028125 0.0328125
0 0.975 0.03046875 0.05 0.0609375
0 0.56171875 0.07734375 0.0453125 0.0421875
0 0.9109375 0.2015625 0.0203125 0.021875
0 0.9671875 0.11875 0.040625 0.0578125
0 0.96875 0.059375 0.03125 0.028125
0 0.4625 0.75 0.065625 0.06875
0 0.80625 0.5640625 0.05 0.05
0 0.8578125 0.5984375 0.028125 0.025
0 0.6515625 0.6296875 0.0375 0.028125
0 0.81875 0.6421875 0.0359375 0.0296875