0 0.096875 0.0421875 0.190625 0.084375
0 0.8921875 0.00625 0.03125 0.0125
0 0.07890625 0.971875 0.1578125 0.05625
0 0.1296875 0.8875 0.053125 0.05625
0 0.45234375 0.5734375 0.1546875 0.06875
0 0.49375 0.68515625 0.071875 0.1484375
0 0.4359375 0.80625 0.0625 0.059375
0 0.3828125 0.8359375 0.16875 0.14375
0 0.3953125 0.7359375 0.08125 0.0734375
0 0.3515625 0.7703125 0.1671875 0.1359375
0 0.4921875 0.8828125 0.0328125 0.034375
0 0.4828125 0.6796875 0.0875 0.08125
0 0.7953125 0.6765625 0.040625 0.0421875
0 0.7734375 0.97890625 0.059375 0.0421875
0 0.6359375 0.6484375 0.0171875 0.0546875