0 0.378125 0.046875 0.071875 0.071875
0 0.1234375 0.2890625 0.096875 0.08125
0 0.16875 0.265625 0.0375 0.0375
0 0.9546875 0.04375 0.0625 0.01875
0 0.9703125 0.046875 0.04375 0.0125
0 0.346875 0.7453125 0.084375 0.084375
0 0.51796875 0.4640625 0.0640625 0.078125
0 0.19375 0.4890625 0.0875 0.025
0 0.075 0.4953125 0.0375 0.0125
0 0.5796875 0.9171875 0.05625 0.05625
0 0.8921875 0.5390625 0.071875 0.075
0 0.7390625 0.3375 0.025 0.015625
0 0.98828125 0.40234375 0.0234375 0.0390625
0 0.796875 0.7296875 0.071875 0.053125
0 0.990625 0.53359375 0.01875 0.0765625
0 0.8046875 0.3890625 0.04375 0.05625
0 0.99609375 0.6390625 0.0078125 0.028125