0 0.5859375 0.5328125 0.028125 0.05625
0 0.321875 0.1203125 0.08125 0.08125
0 0.040625 0.2984375 0.078125 0.078125
0 0.065625 0.5453125 0.025 0.046875
0 0.99140625 0.4 0.0171875 0.046875
0 0.94375 0.3265625 0.09375 0.09375
0 0.796875 0.1671875 0.065625 0.065625
0 0.97578125 0.09296875 0.0484375 0.0796875
0 0.98671875 0.25390625 0.0265625 0.0578125
0 0.75625 0.1390625 0.165625 0.165625
0 0.7078125 0.0296875 0.053125 0.05625
0 0.8671875 0.271875 0.040625 0.0375
0 0.7296875 0.1515625 0.046875 0.046875
0 0.0875 0.9125 0.0375 0.0375
0 0.375 0.7796875 0.0375 0.0375
0 0.5171875 0.7140625 0.090625 0.09375
0 0.59375 0.68671875 0.0125 0.0515625