0 0.278125 0.25625 0.071875 0.06875
0 0.3390625 0.140625 0.175 0.15625
0 0.1484375 0.5859375 0.0625 0.059375
0 0.1375 0.596875 0.0375 0.0375
0 0.0328125 0.6609375 0.03125 0.03125
0 0.2640625 0.1671875 0.059375 0.05625
0 0.9515625 0.2515625 0.0875 0.0875
0 0.6890625 0.2453125 0.071875 0.09375
0 0.44140625 0.5796875 0.0234375 0.071875
0 0.44296875 0.546875 0.0265625 0.078125
0 0.5796875 0.5 0.03125 0.03125
0 0.5703125 0.67109375 0.040625 0.0359375
0 0.2078125 0.9859375 0.059375 0.028125
0 0.66875 0.94375 0.084375 0.084375
0 0.4609375 0.775 0.040625 0.04375