0 0.60625 0.25 0.10625 0.103125
0 0.45 0.0234375 0.0625 0.0296875
0 0.64609375 0.4828125 0.0453125 0.034375
0 0.84375 0.39375 0.103125 0.1015625
0 0.8109375 0.1234375 0.0375 0.0375
0 0.8390625 0.2421875 0.0875 0.0875
0 0.5953125 0.2296875 0.1609375 0.1640625
0 0.5765625 0.1984375 0.1140625 0.08125
0 0.815625 0.1171875 0.0515625 0.0484375
0 0.5953125 0.190625 0.075 0.075
0 0.853125 0.2328125 0.0671875 0.0671875
0 0.36953125 0.1546875 0.0203125 0.078125
0 0.02109375 0.75859375 0.0421875 0.0546875
0 0.0875 0.8390625 0.0359375 0.0328125
0 0.1328125 0.5984375 0.0421875 0.0421875
0 0.434375 0.809375 0.03125 0.040625