0 0.028125 0.0421875 0.05625 0.084375
0 0.19375 0.3125 0.0421875 0.040625
0 0.884375 0.190625 0.059375 0.0609375
0 0.9796875 0.2078125 0.040625 0.078125
0 0.9375 0.25 0.05 0.0515625
0 0.28125 0.940625 0.09375 0.096875
0 0.021875 0.675 0.0421875 0.16875
0 0.48125 0.71875 0.0890625 0.0890625
0 0.1234375 0.76875 0.0609375 0.0640625
0 0.2265625 0.75 0.0625 0.0625
0 0.4125 0.7109375 0.059375 0.0625
0 0.2484375 0.671875 0.1125 0.1140625
0 0.33125 0.73125 0.1015625 0.1
0 0.08125 0.5671875 0.0546875 0.034375
0 0.1 0.60625 0.071875 0.0734375
0 0.7 0.85 0.0421875 0.1234375
0 0.94296875 0.61796875 0.1140625 0.1390625
0 0.696875 0.96875 0.0359375 0.0609375
0 0.853125 0.7078125 0.0875 0.08125