0 0.48359375 0.396875 0.0515625 0.04375
0 0.49765625 0.3484375 0.0234375 0.053125
0 0.228125 0.28125 0.090625 0.090625
0 0.0703125 0.4015625 0.096875 0.034375
0 0.1765625 0.33125 0.046875 0.046875
0 0.1296875 0.334375 0.040625 0.040625
0 0.1640625 0.290625 0.05625 0.05625
0 0.290625 0.253125 0.0375 0.0375
0 0.7765625 0.0921875 0.053125 0.053125
0 0.6421875 0.2328125 0.03125 0.03125
0 0.52109375 0.7765625 0.0234375 0.109375
0 0.8171875 0.6234375 0.0375 0.021875
0 0.52265625 0.7859375 0.0265625 0.13125