0 0.4015625 0.0234375 0.05 0.046875
0 0.02109375 0.103125 0.0421875 0.05625
0 0.3484375 0.1109375 0.15 0.040625
0 0.0796875 0.01875 0.078125 0.0375
0 0.2296875 0.10625 0.065625 0.0625
0 0.165625 0.084375 0.15 0.15
0 0.4296875 0.3734375 0.06875 0.065625
0 0.2359375 0.475 0.06875 0.06875
0 0.3015625 0.4671875 0.05 0.046875
0 0.8296875 0.04375 0.1625 0.0875
0 0.840625 0.0140625 0.11875 0.028125
0 0.85 0.04921875 0.109375 0.0984375
0 0.865625 0.5046875 0.053125 0.05
0 0.5875 0.221875 0.053125 0.0625
0 0.68125 0.1296875 0.0375 0.0375
0 0.1484375 0.9265625 0.06875 0.06875
0 0.8109375 0.6234375 0.0375 0.040625
0 0.97734375 0.79375 0.0453125 0.0625
0 0.84375 0.7125 0.028125 0.01875