0 0.175 0.0984375 0.0609375 0.0609375
0 0.240625 0.478125 0.046875 0.046875
0 0.321875 0.0890625 0.05625 0.059375
0 0.3296875 0.425 0.040625 0.1515625
0 0.2203125 0.15625 0.0734375 0.078125
0 0.171875 0.55 0.0765625 0.0578125
0 0.325 0.30625 0.0484375 0.071875
0 0.303125 0.2421875 0.0953125 0.196875
0 0.5921875 0.50625 0.0671875 0.0671875
0 0.69375 0.3125 0.0625 0.0625
0 0.6859375 0.378125 0.046875 0.046875
0 0.8609375 0.0625 0.059375 0.059375
0 0.215625 0.784375 0.0625 0.0625
0 0.365625 0.7 0.0296875 0.0421875