0 0.359375 0.17578125 0.01875 0.0421875
0 0.4421875 0.26875 0.04375 0.021875
0 0.53984375 0.2578125 0.1265625 0.04375
0 0.846875 0.1390625 0.10625 0.10625
0 0.1015625 0.615625 0.05625 0.08125
0 0.1 0.6390625 0.05625 0.046875
0 0.1328125 0.84375 0.04375 0.034375
0 0.078125 0.815625 0.05 0.103125
0 0.38828125 0.746875 0.0390625 0.10625
0 0.58125 0.590625 0.034375 0.0625
0 0.48125 0.9515625 0.040625 0.040625
0 0.3875 0.9671875 0.0375 0.065625
0 0.415625 0.7359375 0.09375 0.171875
0 0.4078125 0.71640625 0.078125 0.1140625
0 0.4875 0.95625 0.0484375 0.0515625
0 0.4140625 0.7359375 0.075 0.075
0 0.38671875 0.9796875 0.0359375 0.040625
0 0.4421875 0.45625 0.1171875 0.11875
0 0.45 0.48125 0.078125 0.078125
0 0.4125 0.4203125 0.0671875 0.0671875