0 0.41875 0.24375 0.1125 0.1125
0 0.5015625 0.1875 0.034375 0.1
0 0.16875 0.378125 0.1078125 0.1078125
0 0.06875 0.446875 0.053125 0.0546875
0 0.0546875 0.1015625 0.071875 0.071875
0 0.81875 0.178125 0.0515625 0.053125
0 0.5515625 0.121875 0.0390625 0.0390625
0 0.559375 0.165625 0.06875 0.06875
0 0.5546875 0.140625 0.065625 0.06875
0 0.778125 0.0859375 0.0265625 0.0265625
0 0.859375 0.534375 0.0578125 0.0515625
0 0.528125 0.215625 0.01875 0.0359375
0 0.41875 0.921875 0.2 0.15625
0 0.35 0.91875 0.3375 0.1609375
0 0.3703125 0.94375 0.25 0.1109375
0 0.875 0.65 0.103125 0.1046875
0 0.9640625 0.828125 0.0609375 0.0609375
0 0.68125 0.78125 0.1 0.1
0 0.596875 0.98359375 0.15625 0.0328125
0 0.6375 0.853125 0.0390625 0.0390625