0 0.071875 0.40625 0.04375 0.09375
0 0.284375 0.040625 0.040625 0.0375
0 0.271875 0.02890625 0.040625 0.0578125
0 0.4796875 0.2921875 0.040625 0.040625
0 0.0921875 0.51484375 0.0375 0.0484375
0 0.0453125 0.1234375 0.059375 0.071875
0 0.4875 0.290625 0.04375 0.078125
0 0.0453125 0.0109375 0.03125 0.021875
0 0.765625 0.06875 0.059375 0.065625
0 0.84609375 0.0140625 0.0890625 0.028125
0 0.7140625 0.171875 0.065625 0.06875
0 0.696875 0.234375 0.1 0.1
0 0.146875 0.8734375 0.06875 0.071875
0 0.4453125 0.809375 0.0375 0.0375
0 0.3921875 0.984375 0.021875 0.03125
0 0.8890625 0.715625 0.04375 0.04375
0 0.6484375 0.590625 0.021875 0.046875
0 0.6515625 0.596875 0.028125 0.0375