0 0.48125 0.271875 0.04375 0.09375
0 0.5078125 0.1125 0.0390625 0.034375
0 0.69375 0.6375 0.0390625 0.0359375
0 0.671875 0.703125 0.0328125 0.040625
0 0.68125 0.6703125 0.0375 0.1
0 0.8890625 0.3859375 0.046875 0.0375
0 0.40625 0.7859375 0.0796875 0.059375
0 0.5015625 0.14375 0.03125 0.0859375
0 0.1171875 0.203125 0.078125 0.0328125
0 0.4546875 0.5546875 0.0609375 0.0734375
0 0.9140625 0.3875 0.1015625 0.0515625
0 0.4546875 0.675 0.028125 0.0359375
0 0.1609375 0.49375 0.03125 0.05625
0 0.9453125 0.371875 0.0359375 0.025