0 0.05 0.1671875 0.028125 0.075
0 0.1046875 0.0171875 0.04375 0.034375
0 0.8875 0.115625 0.08125 0.078125
0 0.725 0.215625 0.125 0.08125
0 0.7640625 0.2078125 0.15 0.15
0 0.53125 0.15234375 0.103125 0.0359375
0 0.45 0.753125 0.059375 0.0625
0 0.728125 0.9 0.065625 0.0625
0 0.7921875 0.8171875 0.065625 0.0625
0 0.7125 0.81875 0.0625 0.059375
0 0.95390625 0.90078125 0.0921875 0.0453125
0 0.6390625 0.89375 0.034375 0.0359375
0 0.6984375 0.9671875 0.13125 0.0421875
0 0.8 0.8859375 0.028125 0.0390625
0 0.95859375 0.9046875 0.0828125 0.034375