0 0.9046875 0.14375 0.190625 0.146875
0 0.959375 0.153125 0.08125 0.1125
0 0.428125 0.303125 0.0640625 0.0453125
0 0.115625 0.68125 0.065625 0.0765625
0 0.26875 0.8875 0.025 0.0265625
0 0.015625 0.81875 0.03125 0.0359375
0 0.2109375 0.490625 0.071875 0.0515625
0 0.0125 0.6875 0.025 0.0765625
0 0.203125 0.83125 0.0421875 0.0546875
0 0.0078125 0.58125 0.015625 0.028125
0 0.0734375 0.928125 0.040625 0.0375
0 0.8640625 0.6390625 0.0640625 0.0546875
0 0.4765625 0.665625 0.015625 0.021875
0 0.9671875 0.6625 0.0171875 0.015625
0 0.609375 0.6375 0.0421875 0.0375