0 0.4609375 0.0859375 0.084375 0.08125
0 0.3796875 0.0421875 0.05 0.05
0 0.50703125 0.3234375 0.0234375 0.025
0 0.215625 0.2296875 0.028125 0.025
0 0.31875 0.1640625 0.03125 0.03125
0 0.4890625 0.01484375 0.04375 0.0296875
0 0.06875 0.39375 0.053125 0.03125
0 0.15625 0.0296875 0.046875 0.046875
0 0.50625 0.88125 0.025 0.040625
0 0.375 0.921875 0.021875 0.06875
0 0.36875 0.784375 0.03125 0.06875
0 0.1640625 0.53125 0.059375 0.05625
0 0.871875 0.43046875 0.075 0.0421875
0 0.6546875 0.6703125 0.04375 0.04375
0 0.7328125 0.4328125 0.046875 0.040625