0 0.6984375 0.33125 0.10625 0.10625
0 0.5421875 0.5578125 0.0625 0.034375
0 0.7390625 0.0921875 0.046875 0.046875
0 0.9359375 0.1875 0.10625 0.103125
0 0.903125 0.4578125 0.040625 0.0375
0 0.93125 0.3390625 0.090625 0.09375
0 0.52890625 0.03046875 0.0421875 0.0609375
0 0.6875 0.3515625 0.1609375 0.1640625
0 0.66875 0.3828125 0.1140625 0.08125
0 0.9078125 0.4640625 0.0515625 0.0484375
0 0.6875 0.390625 0.075 0.075
0 0.9453125 0.3484375 0.0671875 0.0671875
0 0.4078125 0.41875 0.11875 0.1171875
0 0.4328125 0.4265625 0.078125 0.078125
0 0.371875 0.3890625 0.0671875 0.0671875