0 0.1015625 0.196875 0.0296875 0.034375
0 0.859375 0.24375 0.075 0.075
0 0.728125 0.415625 0.0859375 0.0765625
0 0.771875 0.496875 0.046875 0.046875
0 0.490625 0.36875 0.0234375 0.0234375
0 0.853125 0.4625 0.028125 0.0296875
0 0.584375 0.6609375 0.0265625 0.0265625
0 0.65 0.5578125 0.0296875 0.028125
0 0.803125 0.3875 0.0375 0.0453125
0 0.440625 0.98125 0.0765625 0.0359375
0 0.409375 0.8078125 0.0453125 0.0546875
0 0.8875 0.93125 0.090625 0.090625
0 0.784375 0.7203125 0.0515625 0.040625
0 0.5 0.9453125 0.0390625 0.109375