0 0.4640625 0.7421875 0.075 0.0421875
0 0.9390625 0.771875 0.1171875 0.0953125
0 0.3203125 0.85 0.053125 0.05
0 0.8890625 0.3359375 0.1875 0.0734375
0 0.640625 0.328125 0.20625 0.0625
0 0.1234375 0.78125 0.028125 0.046875
0 0.1390625 0.771875 0.059375 0.0453125
0 0.821875 0.8234375 0.04375 0.0421875
0 0.6921875 0.8234375 0.059375 0.0640625
0 0.8234375 0.740625 0.0671875 0.03125
0 0.7453125 0.33125 0.4640625 0.06875
0 0.3078125 0.753125 0.05 0.0546875
0 0.3171875 0.8015625 0.0953125 0.1390625
0 0.78125 0.7421875 0.16875 0.03125
0 0.8171875 0.8390625 0.059375 0.0734375