0 0.390625 0.4390625 0.090625 0.0765625
0 0.11875 0.0796875 0.225 0.1390625
0 0.10625 0.1515625 0.2125 0.303125
0 0.51875 0.4109375 0.0234375 0.075
0 0.496875 0.434375 0.0640625 0.1296875
0 0.08125 0.471875 0.1453125 0.0578125
0 0.575 0.0140625 0.071875 0.028125
0 0.5875 0.01875 0.115625 0.0375
0 0.290625 0.63125 0.0609375 0.0609375
0 0.521875 0.5734375 0.015625 0.053125
0 0.396875 0.525 0.05625 0.0515625
0 0.3625 0.64375 0.0609375 0.071875
0 0.48125 0.621875 0.0953125 0.1703125
0 0.984375 0.51875 0.03125 0.0375
0 0.5859375 0.51875 0.05 0.0359375