0 0.4328125 0.228125 0.059375 0.059375
0 0.546875 0.2625 0.065625 0.0875
0 0.4203125 0.303125 0.0625 0.0625
0 0.4640625 0.3140625 0.14375 0.1
0 0.4421875 0.228125 0.090625 0.059375
0 0.965625 0.35625 0.06875 0.071875
0 0.603125 0.4015625 0.046875 0.075
0 0.8765625 0.409375 0.084375 0.059375
0 0.84375 0.30625 0.090625 0.090625
0 0.97109375 0.25625 0.0578125 0.10625
0 0.8140625 0.1171875 0.10625 0.10625
0 0.8328125 0.1046875 0.05 0.05
0 0.62421875 0.39453125 0.0890625 0.0890625
0 0.85625 0.415625 0.046875 0.046875
0 0.01875 0.859375 0.0375 0.0625
0 0.40859375 0.98671875 0.0578125 0.0265625
0 0.409375 0.98203125 0.05625 0.0359375
0 0.2109375 0.559375 0.05625 0.05625
0 0.6546875 0.7015625 0.05625 0.05625
0 0.9796875 0.97421875 0.040625 0.0515625
0 0.60546875 0.6484375 0.0515625 0.096875
0 0.6515625 0.5328125 0.046875 0.046875