0 0.3890625 0.453125 0.0875 0.0875
0 0.2609375 0.48125 0.053125 0.053125
0 0.2828125 0.4578125 0.071875 0.134375
0 0.2578125 0.31875 0.0375 0.034375
0 0.3828125 0.3671875 0.05625 0.053125
0 0.41171875 0.2484375 0.0546875 0.075
0 0.2984375 0.2703125 0.10625 0.175
0 0.19375 0.3734375 0.053125 0.040625
0 0.8765625 0.078125 0.103125 0.1
0 0.9078125 0.296875 0.171875 0.175
0 0.5890625 0.0140625 0.05625 0.028125
0 0.6375 0.421875 0.05 0.05
0 0.14375 0.61328125 0.075 0.1484375
0 0.6546875 0.5875 0.1 0.096875
0 0.7828125 0.746875 0.046875 0.046875
0 0.98828125 0.6859375 0.0234375 0.053125
0 0.7328125 0.7140625 0.05625 0.05625