0 0.19375 0.2125 0.0859375 0.0859375
0 0.03125 0.271875 0.0625 0.0734375
0 0.5125 0.390625 0.0625 0.05625
0 0.3890625 0.35625 0.08125 0.08125
0 0.525 0.315625 0.0484375 0.0734375
0 0.0421875 0.1765625 0.0734375 0.0734375
0 0.05625 0.225 0.1125 0.1515625
0 0.48125 0.3046875 0.1390625 0.090625
0 0.503125 0.390625 0.0890625 0.05625
0 0.61875 0.096875 0.046875 0.046875
0 0.634375 0.04375 0.0546875 0.0546875
0 0.209375 0.946875 0.0625 0.0625
0 0.80625 0.9453125 0.053125 0.0484375
0 0.571875 0.7375 0.0421875 0.0484375
0 0.696875 0.934375 0.0796875 0.08125