0 0.534375 0.303125 0.0875 0.0875
0 0.40625 0.33125 0.05 0.05
0 0.428125 0.3078125 0.096875 0.096875
0 0.6203125 0.1109375 0.0375 0.065625
0 0.403125 0.16875 0.0375 0.034375
0 0.528125 0.2171875 0.053125 0.053125
0 0.5625 0.0984375 0.065625 0.075
0 0.44375 0.1203125 0.1 0.171875
0 0.3390625 0.2234375 0.046875 0.046875
0 0.7625 0.0203125 0.046875 0.040625
0 0.759375 0.16875 0.046875 0.046875
0 0.6203125 0.6546875 0.0375 0.053125
0 0.68125 0.80625 0.0625 0.059375
0 0.89375 0.51484375 0.0625 0.0515625