0 0.06484375 0.02578125 0.1296875 0.0515625
0 0.071875 0.378125 0.0375 0.040625
0 0.0046875 0.3875 0.009375 0.03125
0 0.1828125 0.371875 0.028125 0.034375
0 0.2203125 0.0078125 0.0875 0.015625
0 0.2078125 0.01015625 0.053125 0.0203125
0 0.271875 0.525 0.06875 0.06875
0 0.23125 0.9421875 0.109375 0.109375
0 0.2171875 0.7515625 0.046875 0.04375
0 0.14375 0.6765625 0.046875 0.046875
0 0.01640625 0.54375 0.0328125 0.0375
0 0.065625 0.703125 0.090625 0.0875
0 0.06875 0.6015625 0.075 0.075
0 0.0625 0.9046875 0.046875 0.0375
0 0.0734375 0.9671875 0.05 0.046875
0 0.0953125 0.8609375 0.0546875 0.05
0 0.3890625 0.89453125 0.021875 0.1609375
0 0.7296875 0.68125 0.409375 0.409375
0 0.55546875 0.68125 0.3109375 0.384375
0 0.7953125 0.5265625 0.0625 0.0625