0 0.221875 0.7484375 0.1890625 0.0890625
0 0.2390625 0.3484375 0.0390625 0.034375
0 0.6765625 0.790625 0.09375 0.0625
0 0.64375 0.3859375 0.0875 0.0453125
0 0.1609375 0.3390625 0.03125 0.03125
0 0.503125 0.775 0.0375 0.0375
0 0.0640625 0.3390625 0.0453125 0.034375
0 0.453125 0.8046875 0.0546875 0.034375
0 0.9203125 0.8453125 0.11875 0.0484375
0 0.7734375 0.4125 0.0578125 0.0234375
0 0.35 0.3546875 0.028125 0.034375
0 0.3875 0.75 0.084375 0.071875
0 0.8859375 0.4203125 0.071875 0.034375
0 0.375 0.7328125 0.0578125 0.04375
0 0.3453125 0.8 0.0484375 0.0296875