0 0.1515625 0.0421875 0.040625 0.034375
0 0.85 0.015625 0.103125 0.03125
0 0.2859375 0.36953125 0.090625 0.0390625
0 0.3421875 0.3640625 0.06875 0.028125
0 0.35625 0.809375 0.115625 0.11875
0 0.41875 0.88359375 0.0625 0.0921875
0 0.3171875 0.871875 0.0578125 0.059375
0 0.2140625 0.675 0.08125 0.0859375
0 0.2703125 0.815625 0.0515625 0.053125
0 0.0765625 0.571875 0.08125 0.0625
0 0.01328125 0.58671875 0.0265625 0.0328125
0 0.834375 0.825 0.075 0.075
0 0.896875 0.778125 0.096875 0.103125
0 0.92109375 0.784375 0.1578125 0.165625
0 0.97265625 0.7671875 0.0546875 0.065625
0 0.528125 0.690625 0.0359375 0.021875