0 0.6546875 0.33125 0.096875 0.071875
0 0.8703125 0.325 0.046875 0.0453125
0 0.6078125 0.2734375 0.2453125 0.18125
0 0.5734375 0.278125 0.1328125 0.13125
0 0.6046875 0.115625 0.05 0.0484375
0 0.9828125 0.33671875 0.034375 0.0546875
0 0.046875 0.4921875 0.09375 0.125
0 0.034375 0.48125 0.046875 0.046875
0 0.3265625 0.875 0.0484375 0.115625
0 0.4296875 0.4546875 0.059375 0.05
0 0.31875 0.66875 0.034375 0.0640625
0 0.4140625 0.4734375 0.090625 0.0875
0 0.4125 0.47734375 0.09375 0.0953125
0 0.40625 0.46171875 0.06875 0.0640625