0 0.009375 0.45 0.01875 0.0375
0 0.634375 0.5171875 0.0453125 0.0484375
0 0.6796875 0.396875 0.03125 0.0390625
0 0.684375 0.215625 0.0359375 0.0375
0 0.2265625 0.625 0.103125 0.0484375
0 0.203125 0.865625 0.103125 0.05625
0 0.178125 0.8640625 0.046875 0.0515625
0 0.715625 0.909375 0.034375 0.03125
0 0.934375 0.903125 0.03125 0.03125
0 0.85625 0.746875 0.1703125 0.125
0 0.7578125 0.98046875 0.059375 0.0390625
0 0.55 0.978125 0.0390625 0.0421875
0 0.571875 0.8765625 0.0828125 0.078125
0 0.865625 0.96875 0.0375 0.034375
0 0.675 0.871875 0.059375 0.05