0 0.209375 0.0375 0.04375 0.04375
0 0.0640625 0.015625 0.059375 0.03125
0 0.6 0.5328125 0.096875 0.053125
0 0.20703125 0.91015625 0.0640625 0.0953125
0 0.14375 0.9375 0.059375 0.059375
0 0.2296875 0.8109375 0.01875 0.071875
0 0.98671875 0.7640625 0.0265625 0.059375
0 0.928125 0.584375 0.05625 0.05
0 0.7953125 0.8921875 0.059375 0.0625
0 0.91875 0.5734375 0.0609375 0.0203125
0 0.390625 0.5953125 0.0421875 0.0390625
0 0.521875 0.5796875 0.0390625 0.0328125
0 0.29375 0.9234375 0.0484375 0.046875
0 0.321875 0.6234375 0.08125 0.08125
0 0.4859375 0.5765625 0.084375 0.0265625
0 0.5453125 0.6890625 0.05 0.05
0 0.353125 0.6859375 0.05 0.046875