0 0.484375 0.2609375 0.0625 0.0625
0 0.1390625 0.01015625 0.04375 0.0203125
0 0.171875 0.2125 0.0875 0.090625
0 0.675 0.109375 0.071875 0.059375
0 0.6609375 0.2015625 0.0375 0.0375
0 0.571875 0.1953125 0.021875 0.025
0 0.890625 0.2953125 0.0203125 0.0203125
0 0.796875 0.21875 0.025 0.0203125
0 0.596875 0.1078125 0.0265625 0.0390625
0 0.2890625 0.7 0.046875 0.046875
0 0.2546875 0.45 0.03125 0.028125
0 0.3015625 0.925 0.06875 0.06875
0 0.1296875 0.9703125 0.059375 0.059375
0 0.9046875 0.8078125 0.1 0.103125
0 0.871875 0.815625 0.06875 0.046875
0 0.6859375 0.8015625 0.109375 0.04375
0 0.9609375 0.7984375 0.040625 0.04375