0 0.55 0.1375 0.059375 0.06875
0 0.046875 0.328125 0.078125 0.078125
0 0.46875 0.025 0.0765625 0.0484375
0 0.6734375 0.184375 0.05625 0.05625
0 0.396875 0.815625 0.0734375 0.0734375
0 0.4984375 0.621875 0.0515625 0.0515625
0 0.2578125 0.8125 0.0828125 0.0828125
0 0.534375 0.753125 0.059375 0.0640625
0 0.1890625 0.65625 0.0484375 0.0484375
0 0.29375 0.909375 0.05 0.05
0 0.4140625 0.634375 0.0296875 0.0296875
0 0.0625 0.5984375 0.0875 0.01875
0 0.246875 0.81875 0.046875 0.046875
0 0.459375 0.703125 0.0234375 0.0234375
0 0.3375 0.834375 0.0296875 0.0296875
0 0.796875 0.6015625 0.1046875 0.025
0 0.7109375 0.6625 0.1 0.1
0 0.7375 0.709375 0.053125 0.053125