0 0.1 0.378125 0.05 0.05
0 0.65859375 0.36328125 0.1265625 0.1328125
0 0.8546875 0.2296875 0.1390625 0.146875
0 0.9578125 0.15625 0.084375 0.0828125
0 0.56015625 0.3984375 0.1171875 0.0625
0 0.528125 0.00625 0.071875 0.0125
0 0.52890625 0.41328125 0.0765625 0.0328125
0 0.99140625 0.546875 0.0171875 0.034375
0 0.96875 0.503125 0.034375 0.03125
0 0.8625 0.8328125 0.04375 0.04375
0 0.784375 0.9484375 0.053125 0.053125
0 0.44296875 0.96484375 0.1265625 0.0703125
0 0.66875 0.9609375 0.0734375 0.0734375
0 0.890625 0.6578125 0.1546875 0.1359375
0 0.79375 0.85 0.028125 0.028125
0 0.853125 0.7515625 0.0765625 0.084375
0 0.97578125 0.715625 0.0484375 0.078125