0 0.546875 0.08125 0.09375 0.096875
0 0.603125 0.0234375 0.125 0.046875
0 0.8265625 0.1484375 0.0921875 0.0921875
0 0.859375 0.103125 0.0359375 0.0359375
0 0.00859375 0.375 0.0171875 0.053125
0 0.171875 0.4609375 0.065625 0.065625
0 0.171875 0.44375 0.09375 0.09375
0 0.1125 0.6234375 0.05625 0.05625
0 0.36015625 0.93046875 0.0390625 0.0671875
0 0.340625 0.778125 0.06875 0.034375
0 0.084375 0.875 0.0515625 0.0609375
0 0.959375 0.24375 0.078125 0.078125
0 0.95078125 0.79453125 0.0984375 0.1265625
0 0.834375 0.96015625 0.146875 0.0796875
0 0.9859375 0.69609375 0.028125 0.1171875
0 0.59375 0.6640625 0.0484375 0.071875