0 0.4125 0.1546875 0.0328125 0.053125
0 0.290625 0.5984375 0.05625 0.053125
0 0.3265625 0.490625 0.08125 0.08125
0 0.284375 0.059375 0.05 0.05625
0 0.246875 0.1796875 0.046875 0.046875
0 0.2 0.609375 0.05 0.05
0 0.3546875 0.296875 0.115625 0.1140625
0 0.065625 0.3859375 0.0625 0.0625
0 0.3875 0.284375 0.0859375 0.0890625
0 0.0453125 0.03125 0.046875 0.046875
0 0.459375 0.25 0.059375 0.0625
0 0.59375 0.2546875 0.0390625 0.0390625
0 0.5875 0.25625 0.0640625 0.065625
0 0.8875 0.8640625 0.078125 0.078125