0 0.39296875 0.425 0.0515625 0.05625
0 0.359375 0.3171875 0.084375 0.084375
0 0.33125 0.1234375 0.115625 0.115625
0 0.2984375 0.1109375 0.0875 0.0875
0 0.2265625 0.0765625 0.0625 0.065625
0 0.0921875 0.08125 0.040625 0.0375
0 0.0984375 0.0828125 0.065625 0.06875
0 0.809375 0.025 0.034375 0.034375
0 0.7375 0.15625 0.059375 0.059375
0 0.528125 0.24375 0.059375 0.059375
0 0.9125 0.515625 0.06875 0.06875
0 0.80625 0.54921875 0.1 0.0390625
0 0.8890625 0.51875 0.115625 0.1
0 0.378125 0.959375 0.08125 0.08125
0 0.23125 0.9 0.065625 0.065625
0 0.440625 0.59921875 0.04375 0.0609375
0 0.61875 0.846875 0.053125 0.053125