0 0.078125 0.184375 0.08125 0.08125
0 0.04375 0.1015625 0.078125 0.078125
0 0.153125 0.3796875 0.065625 0.065625
0 0.01796875 0.053125 0.0359375 0.071875
0 0.3265625 0.0375 0.09375 0.075
0 0.509375 0.3421875 0.059375 0.071875
0 0.6625 0.11875 0.046875 0.046875
0 0.5625 0.4796875 0.0375 0.0375
0 0.56875 0.484375 0.0484375 0.0515625
0 0.5546875 0.02421875 0.03125 0.0484375
0 0.2109375 0.65546875 0.05625 0.0515625
0 0.2046875 0.7203125 0.053125 0.05625
0 0.7140625 0.97109375 0.115625 0.0578125
0 0.88125 0.79375 0.071875 0.075
0 0.9015625 0.8765625 0.125 0.125