0 0.35078125 0.36015625 0.0578125 0.0171875
0 0.14375 0.253125 0.059375 0.059375
0 0.575 0.190625 0.04375 0.04375
0 0.7984375 0.01484375 0.046875 0.0296875
0 0.6890625 0.1875 0.071875 0.040625
0 0.9625 0.35078125 0.025 0.0359375
0 0.5390625 0.2734375 0.0375 0.0375
0 0.88125 0.2171875 0.059375 0.10625
0 0.903125 0.1875 0.059375 0.0625
0 0.21875 0.453125 0.15625 0.04375
0 0.2375 0.45 0.06875 0.06875
0 0.03671875 0.4484375 0.0734375 0.046875
0 0.9640625 0.965625 0.04375 0.053125
0 0.978125 0.840625 0.021875 0.021875
0 0.41875 0.7828125 0.040625 0.040625