0 0.021875 0.3078125 0.0375 0.0375
0 0.225 0.2953125 0.08125 0.10625
0 0.3390625 0.4015625 0.096875 0.1
0 0.359375 0.2109375 0.04375 0.04375
0 0.6796875 0.0390625 0.0359375 0.0375
0 0.771875 0.1390625 0.03125 0.03125
0 0.68125 0.3296875 0.025 0.025
0 0.01953125 0.7171875 0.0390625 0.09375
0 0.0609375 0.7796875 0.065625 0.065625
0 0.0140625 0.8515625 0.028125 0.040625
0 0.15 0.675 0.0375 0.040625
0 0.2703125 0.5640625 0.053125 0.053125
0 0.390625 0.76875 0.0625 0.0625
0 0.896875 0.5171875 0.04375 0.034375
0 0.753125 0.634375 0.06875 0.06875
0 0.8140625 0.6140625 0.05 0.05
0 0.88125 0.896875 0.075 0.109375
0 0.83125 0.9484375 0.046875 0.046875
0 0.828125 0.98828125 0.0375 0.0234375
0 0.871875 0.9609375 0.059375 0.059375
0 0.909375 0.834375 0.0171875 0.05