0 0.0546875 0.4421875 0.04375 0.04375
0 0.98125 0.0546875 0.0375 0.075
0 0.96875 0.2359375 0.0625 0.078125
0 0.7609375 0.015625 0.078125 0.03125
0 0.790625 0.390625 0.059375 0.1109375
0 0.6578125 0.00625 0.0375 0.0125
0 0.8125 0.53125 0.053125 0.015625
0 0.921875 0.3890625 0.0453125 0.053125
0 0.9625 0.434375 0.046875 0.04375
0 0.8 0.5171875 0.034375 0.04375
0 0.2125 0.93125 0.0875 0.0875
0 0.846875 0.88125 0.034375 0.034375
0 0.759375 0.984375 0.0671875 0.03125
0 0.74375 0.765625 0.0515625 0.0515625
0 0.7125 0.88125 0.084375 0.04375
0 0.7390625 0.6515625 0.046875 0.0578125
0 0.721875 0.5890625 0.0953125 0.0546875