0 0.1234375 0.4859375 0.034375 0.034375
0 0.1375 0.4734375 0.04375 0.034375
0 0.0171875 0.4125 0.034375 0.05
0 0.065625 0.3953125 0.05625 0.09375
0 0.415625 0.3140625 0.0625 0.04375
0 0.7625 0.3671875 0.05625 0.05625
0 0.5828125 0.3171875 0.078125 0.078125
0 0.6140625 0.321875 0.046875 0.046875
0 0.5484375 0.3109375 0.040625 0.04375
0 0.7640625 0.63125 0.08125 0.0625
0 0.3671875 0.715625 0.065625 0.075
0 0.36875 0.821875 0.0375 0.0375
0 0.7671875 0.88125 0.325 0.2375
0 0.759375 0.7265625 0.059375 0.253125