0 0.7953125 0.36953125 0.078125 0.0203125
0 0.62109375 0.36875 0.0640625 0.021875
0 0.67734375 0.37109375 0.0671875 0.0171875
0 0.659375 0.259375 0.075 0.0859375
0 0.59921875 0.08515625 0.0609375 0.1703125
0 0.58515625 0.3 0.0328125 0.10625
0 0.30625 0.4625 0.103125 0.103125
0 0.5328125 0.61875 0.0296875 0.0625
0 0.0671875 0.421875 0.0453125 0.0453125
0 0.01796875 0.63046875 0.0359375 0.0421875
0 0.3265625 0.4734375 0.1640625 0.1609375
0 0.3578125 0.4921875 0.08125 0.1140625
0 0.365625 0.4734375 0.075 0.075
0 0.39375 0.753125 0.1171875 0.11875
0 0.4015625 0.728125 0.078125 0.078125
0 0.3640625 0.7890625 0.0671875 0.0671875
0 0.6546875 0.8953125 0.090625 0.0515625
0 0.609375 0.9109375 0.0390625 0.0390625