0 0.08125 0.50390625 0.1625 0.1109375
0 0.1296875 0.01328125 0.05625 0.0265625
0 0.121875 0.51953125 0.11875 0.0796875
0 0.0328125 0.52265625 0.065625 0.0734375
0 0.64375 0.1203125 0.065625 0.065625
0 0.4203125 0.03671875 0.0625 0.0734375
0 0.5203125 0.05546875 0.128125 0.1109375
0 0.2296875 0.7953125 0.0375 0.0375
0 0.38515625 0.7203125 0.0078125 0.034375
0 0.2078125 0.7390625 0.09375 0.08125
0 0.1703125 0.921875 0.025 0.028125
0 0.3625 0.621875 0.025 0.025
0 0.296875 0.6984375 0.0625 0.053125
0 0.2421875 0.7171875 0.03125 0.034375
0 0.0484375 0.7359375 0.096875 0.184375
0 0.06875 0.7296875 0.071875 0.06875
0 0.6140625 0.6375 0.06875 0.06875
0 0.4359375 0.659375 0.04375 0.040625