0 0.25625 0.3296875 0.075 0.075
0 0.2234375 0.1 0.0375 0.0375
0 0.871875 0.5703125 0.121875 0.121875
0 0.8453125 0.5796875 0.08125 0.05625
0 0.9015625 0.5921875 0.071875 0.071875
0 0.840625 0.5 0.065625 0.040625
0 0.95 0.978125 0.071875 0.04375
0 0.790625 0.7046875 0.05625 0.05625
0 0.846875 0.9640625 0.046875 0.046875
0 0.625 0.8390625 0.05625 0.05
0 0.8234375 0.99453125 0.040625 0.0109375
0 0.9359375 0.734375 0.034375 0.0390625
0 0.7 0.7234375 0.05 0.034375
0 0.546875 0.9484375 0.0703125 0.0359375