0 0.2328125 0.1296875 0.078125 0.078125
0 0.1078125 0.3 0.0375 0.0375
0 0.215625 0.4984375 0.04375 0.040625
0 0.128125 0.24375 0.053125 0.028125
0 0.4796875 0.1375 0.05625 0.059375
0 0.9046875 0.31875 0.04375 0.04375
0 0.9078125 0.2046875 0.059375 0.059375
0 0.5109375 0.3953125 0.046875 0.103125
0 0.478125 0.1765625 0.08125 0.11875
0 0.821875 0.3546875 0.034375 0.040625
0 0.878125 0.01953125 0.103125 0.0390625
0 0.628125 0.18125 0.0421875 0.0421875
0 0.90703125 0.01328125 0.0484375 0.0265625
0 0.33359375 0.8484375 0.0109375 0.040625
0 0.1453125 0.8359375 0.090625 0.090625
0 0.0390625 0.9421875 0.078125 0.096875
0 0.01640625 0.7515625 0.0328125 0.04375
0 0.9828125 0.6828125 0.034375 0.040625
0 0.5484375 0.775 0.065625 0.065625
0 0.9421875 0.709375 0.0375 0.015625
0 0.9421875 0.990625 0.059375 0.01875