0 0.1828125 0.534375 0.06875 0.065625
0 0.0765625 0.5484375 0.04375 0.040625
0 0.1953125 0.334375 0.059375 0.059375
0 0.97421875 0.278125 0.0515625 0.05
0 0.61875 0.3625 0.03125 0.03125
0 0.6546875 0.25 0.08125 0.08125
0 0.4640625 0.259375 0.06875 0.04375
0 0.46875 0.303125 0.053125 0.0375
0 0.8265625 0.3078125 0.0640625 0.096875
0 0.46640625 0.27578125 0.0734375 0.0859375
0 0.3203125 0.9328125 0.053125 0.084375
0 0.3203125 0.9265625 0.05 0.05625
0 0.8390625 0.9546875 0.03125 0.028125
0 0.44453125 0.7890625 0.0296875 0.04375
0 0.803125 0.821875 0.01875 0.0234375
0 0.55 0.6890625 0.034375 0.0296875
0 0.9640625 0.65 0.0234375 0.03125