0 0.2265625 0.2609375 0.034375 0.05625
0 0.384375 0.246875 0.040625 0.040625
0 0.9890625 0.0625 0.021875 0.04375
0 0.58125 0.0859375 0.046875 0.046875
0 0.5328125 0.040625 0.115625 0.040625
0 0.3859375 0.034375 0.03125 0.03125
0 0.7203125 0.034375 0.0796875 0.021875
0 0.0640625 0.53125 0.04375 0.046875
0 0.1453125 0.9234375 0.034375 0.03125
0 0.26953125 0.7609375 0.1390625 0.125
0 0.1875 0.9875 0.059375 0.025
0 0.02109375 0.890625 0.0421875 0.078125
0 0.2953125 0.9828125 0.0375 0.034375
0 0.1046875 0.8859375 0.059375 0.05
0 0.6375 0.98671875 0.0375 0.0265625