0 0.02734375 0.1015625 0.0546875 0.059375
0 0.6578125 0.040625 0.071875 0.071875
0 0.8640625 0.109375 0.0375 0.0375
0 0.7703125 0.134375 0.04375 0.0453125
0 0.765625 0.0828125 0.078125 0.01875
0 0.29375 0.8 0.096875 0.096875
0 0.303125 0.8421875 0.071875 0.06875
0 0.190625 0.9359375 0.128125 0.121875
0 0.0296875 0.9015625 0.040625 0.0453125
0 0.03125 0.9234375 0.046875 0.0859375
0 0.42421875 0.78828125 0.1703125 0.1578125
0 0.621875 0.8078125 0.059375 0.05625
0 0.6046875 0.6328125 0.059375 0.040625
0 0.5875 0.7953125 0.034375 0.0484375
0 0.528125 0.8203125 0.025 0.0234375
0 0.5921875 0.628125 0.034375 0.0328125