0 0.2828125 0.225 0.034375 0.034375
0 0.2984375 0.2734375 0.06875 0.06875
0 0.4578125 0.50625 0.05625 0.071875
0 0.70625 0.2890625 0.04375 0.04375
0 0.46875 0.3671875 0.0375 0.046875
0 0.43125 0.4640625 0.025 0.0375
0 0.753125 0.728125 0.1625 0.1625
0 0.76484375 0.6421875 0.0546875 0.046875
0 0.734375 0.8828125 0.0546875 0.059375
0 0.70546875 0.9234375 0.1140625 0.153125
0 0.6625 0.8453125 0.0609375 0.0828125
0 0.64375 0.8953125 0.103125 0.1796875
0 0.821875 0.9171875 0.0328125 0.0296875
0 0.7078125 0.7515625 0.0703125 0.0859375