0 0.1796875 0.5109375 0.0375 0.040625
0 0.109375 0.3171875 0.078125 0.078125
0 0.0609375 0.2734375 0.065625 0.025
0 0.2375 0.1640625 0.06875 0.06875
0 0.3171875 0.03125 0.04375 0.040625
0 0.503125 0.5078125 0.0625 0.046875
0 0.7109375 0.45625 0.071875 0.075
0 0.7125 0.01640625 0.059375 0.0328125
0 0.6828125 0.0640625 0.028125 0.03125
0 0.6359375 0.028125 0.034375 0.0375
0 0.828125 0.490625 0.053125 0.059375
0 0.3796875 0.625 0.065625 0.065625
0 0.659375 0.8078125 0.059375 0.04375
0 0.4796875 0.809375 0.040625 0.04375
0 0.6734375 0.60625 0.059375 0.034375
0 0.8828125 0.903125 0.0375 0.040625
0 0.4765625 0.60625 0.034375 0.040625