0 0.0390625 0.2640625 0.0703125 0.0703125
0 0.428125 0.2078125 0.0953125 0.096875
0 0.1296875 0.1984375 0.0828125 0.0828125
0 0.1625 0.3140625 0.0859375 0.084375
0 0.440625 0.45 0.0390625 0.0359375
0 0.03125 0.36484375 0.0625 0.1046875
0 0.634375 0.3796875 0.0671875 0.090625
0 0.646875 0.109375 0.03125 0.03125
0 0.64375 0.228125 0.05 0.0828125
0 0.1921875 0.503125 0.1171875 0.090625
0 0.1734375 0.515625 0.046875 0.046875
0 0.4203125 0.1875 0.1578125 0.1578125
0 0.40625 0.153125 0.109375 0.1078125
0 0.6484375 0.1 0.040625 0.0484375
0 0.425 0.1484375 0.075 0.0671875
0 0.65625 0.2203125 0.025 0.0625
0 0.15 0.2046875 0.046875 0.046875
0 0.678125 0.33125 0.01875 0.065625
0 0.809375 0.2375 0.0625 0.0625
0 0.7875 0.5078125 0.0671875 0.0671875
0 0.9203125 0.5875 0.04375 0.0390625