0 0.125 0.0921875 0.078125 0.078125
0 0.371875 0.4421875 0.034375 0.034375
0 0.3953125 0.3359375 0.096875 0.09375
0 0.371875 0.196875 0.084375 0.08125
0 0.1078125 0.303125 0.0375 0.046875
0 0.8125 0.44453125 0.04375 0.0296875
0 0.61875 0.2328125 0.05625 0.05625
0 0.6765625 0.103125 0.0875 0.1
0 0.7140625 0.2375 0.096875 0.115625
0 0.73125 0.2515625 0.0484375 0.078125
0 0.703125 0.2015625 0.0515625 0.0546875
0 0.43046875 0.9140625 0.0578125 0.05625
0 0.5375 0.65 0.040625 0.040625
0 0.76875 0.759375 0.090625 0.090625
0 0.7984375 0.840625 0.125 0.121875