0 0.253125 0.0328125 0.0859375 0.065625
0 0.2109375 0.109375 0.0890625 0.0890625
0 0.121875 0.1125 0.0703125 0.0703125
0 0.8484375 0.08125 0.0546875 0.0546875
0 0.365625 0.50625 0.128125 0.128125
0 0.16875 0.865625 0.046875 0.046875
0 0.340625 0.44375 0.1328125 0.0484375
0 0.2859375 0.8625 0.10625 0.1078125
0 0.28125 0.68125 0.1109375 0.0890625
0 0.94375 0.80625 0.096875 0.096875
0 0.5625 0.9390625 0.0265625 0.08125
0 0.98046875 0.70546875 0.0390625 0.0578125
0 0.615625 0.978125 0.0640625 0.04375
0 0.796875 0.9734375 0.0578125 0.053125