0 0.3984375 0.503125 0.028125 0.028125
0 0.2328125 0.1 0.046875 0.046875
0 0.025 0.1015625 0.0484375 0.05625
0 0.015625 0.1078125 0.03125 0.040625
0 0.265625 0.4671875 0.025 0.025
0 0.1328125 0.2140625 0.034375 0.034375
0 0.09375 0.628125 0.03125 0.03125
0 0.421875 0.959375 0.05 0.053125
0 0.1953125 0.9421875 0.028125 0.028125
0 0.0828125 0.9828125 0.071875 0.034375
0 0.99375 0.9375 0.0125 0.034375
0 0.609375 0.91875 0.021875 0.025
0 0.9359375 0.9453125 0.034375 0.034375
0 0.6296875 0.7734375 0.028125 0.028125
0 0.859375 0.8734375 0.021875 0.01875