0 0.4359375 0.228125 0.034375 0.034375
0 0.70625 0.1671875 0.053125 0.053125
0 0.3015625 0.95 0.084375 0.084375
0 0.1453125 0.9703125 0.084375 0.059375
0 0.1546875 0.94296875 0.146875 0.1140625
0 0.1859375 0.9234375 0.06875 0.06875
0 0.1265625 0.98125 0.05625 0.0375
0 0.2890625 0.4640625 0.0375 0.0375
0 0.9328125 0.7875 0.059375 0.059375
0 0.7546875 0.66875 0.06875 0.06875
0 0.76875 0.5765625 0.0375 0.0375
0 0.54375 0.7890625 0.021875 0.01875
0 0.8578125 0.5828125 0.021875 0.025
0 0.5390625 0.4828125 0.021875 0.021875
0 0.6328125 0.559375 0.021875 0.021875
0 0.8328125 0.6703125 0.034375 0.034375