0 0.31875 0.2625 0.028125 0.028125
0 0.6953125 0.4046875 0.09375 0.096875
0 0.8234375 0.24375 0.046875 0.046875
0 0.7734375 0.2765625 0.059375 0.05625
0 0.0734375 0.6515625 0.071875 0.06875
0 0.3671875 0.6203125 0.028125 0.034375
0 0.3296875 0.9890625 0.0875 0.021875
0 0.3421875 0.9859375 0.053125 0.028125
0 0.97578125 0.9640625 0.0484375 0.053125
0 0.8328125 0.871875 0.028125 0.028125
0 0.678125 0.8671875 0.071875 0.059375
0 0.6734375 0.853125 0.059375 0.03125
0 0.971875 0.9765625 0.034375 0.0375