0 0.515625 0.328125 0.0765625 0.0203125
0 0.5625 0.125 0.0546875 0.15
0 0.5421875 0.2953125 0.09375 0.0875
0 0.7640625 0.075 0.0640625 0.0640625
0 0.6296875 0.234375 0.08125 0.0890625
0 0.978125 0.015625 0.04375 0.0296875
0 0.1625 0.50625 0.053125 0.0515625
0 0.1140625 0.5125 0.0421875 0.0421875
0 0.384375 0.9875 0.0625 0.0234375
0 0.753125 0.8515625 0.109375 0.109375
0 0.821875 0.834375 0.0671875 0.0671875
0 0.7984375 0.96796875 0.078125 0.0640625
0 0.6734375 0.6328125 0.121875 0.121875
0 0.6125 0.696875 0.0453125 0.05
0 0.625 0.540625 0.0734375 0.078125
0 0.728125 0.696875 0.0390625 0.0421875