0 0.2421875 0.115625 0.05 0.090625
0 0.2265625 0.0703125 0.0375 0.0375
0 0.8078125 0.00546875 0.040625 0.0109375
0 0.7703125 0.1046875 0.09375 0.090625
0 0.8078125 0.025 0.075 0.05
0 0.496875 0.2890625 0.0609375 0.0578125
0 0.6328125 0.0796875 0.05625 0.0515625
0 0.7375 0.0671875 0.0453125 0.0453125
0 0.2234375 0.5078125 0.11875 0.11875
0 0.0546875 0.40546875 0.09375 0.0734375
0 0.0671875 0.40703125 0.134375 0.0765625
0 0.159375 0.7015625 0.0875 0.0875
0 0.0796875 0.9546875 0.065625 0.065625
0 0.96015625 0.4484375 0.0796875 0.121875
0 0.5015625 0.5078125 0.115625 0.115625