0 0.178125 0.2796875 0.08125 0.08125
0 0.1640625 0.2390625 0.084375 0.196875
0 0.290625 0.04296875 0.096875 0.0859375
0 0.32734375 0.0359375 0.0234375 0.0625
0 0.2890625 0.01171875 0.059375 0.0234375
0 0.128125 0.565625 0.0875 0.0875
0 0.2625 0.9515625 0.090625 0.078125
0 0.059375 0.8734375 0.11875 0.221875
0 0.29453125 0.8671875 0.0890625 0.059375
0 0.4421875 0.4953125 0.109375 0.109375
0 0.5984375 0.721875 0.0625 0.034375
0 0.453125 0.515625 0.16875 0.171875
0 0.471875 0.546875 0.1 0.103125
0 0.453125 0.5546875 0.078125 0.078125
0 0.7328125 0.5828125 0.125 0.125
0 0.7078125 0.590625 0.078125 0.078125
0 0.76875 0.553125 0.0671875 0.0671875