0 0.3171875 0.3046875 0.040625 0.040625
0 0.31875 0.096875 0.05 0.05
0 0.334375 0.371875 0.046875 0.046875
0 0.31875 0.2328125 0.034375 0.053125
0 0.659375 0.42890625 0.109375 0.0796875
0 0.6515625 0.4265625 0.103125 0.084375
0 0.590625 0.040625 0.103125 0.08125
0 0.5828125 0.0625 0.059375 0.059375
0 0.596875 0.2484375 0.046875 0.109375
0 0.2953125 0.615625 0.0625 0.05625
0 0.41875 0.58125 0.084375 0.084375
0 0.2828125 0.540625 0.065625 0.065625
0 0.3265625 0.5296875 0.1390625 0.090625
0 0.3046875 0.615625 0.0890625 0.05625
0 0.2359375 0.9625 0.0421875 0.0484375
0 0.89921875 0.603125 0.2015625 0.26875
0 0.97578125 0.7625 0.0484375 0.065625
0 0.93203125 0.765625 0.1359375 0.06875