0 0.515625 0.2 0.0765625 0.0765625
0 0.7890625 0.0875 0.090625 0.0921875
0 0.84375 0.2828125 0.06875 0.0578125
0 0.684375 0.134375 0.0484375 0.0625
0 0.575 0.39375 0.06875 0.0546875
0 0.7609375 0.321875 0.05625 0.0421875
0 0.40625 0.9671875 0.0484375 0.0625
0 0.2734375 0.975 0.20625 0.05
0 0.446875 0.803125 0.0328125 0.0578125
0 0.80625 0.871875 0.1046875 0.1046875
0 0.65625 0.584375 0.0390625 0.040625
0 0.92421875 0.80859375 0.1515625 0.1265625
0 0.640625 0.715625 0.046875 0.0484375
0 0.728125 0.89375 0.0671875 0.0734375
0 0.634375 0.85 0.075 0.0734375
0 0.734375 0.90625 0.0484375 0.0453125
0 0.89375 0.8296875 0.0828125 0.084375