0 0.01015625 0.57890625 0.0203125 0.0609375
0 0.1 0.3109375 0.05625 0.06875
0 0.028125 0.496875 0.05 0.05
0 0.290625 0.3921875 0.04375 0.040625
0 0.41796875 0.3765625 0.0421875 0.05
0 0.4875 0.29375 0.06875 0.075
0 0.6625 0.56796875 0.10625 0.0828125
0 0.853125 0.565625 0.040625 0.05
0 0.928125 0.4921875 0.046875 0.046875
0 0.9015625 0.4140625 0.0875 0.090625
0 0.9828125 0.4171875 0.034375 0.075
0 0.7 0.4109375 0.04375 0.04375
0 0.6375 0.421875 0.05 0.05
0 0.74375 0.44375 0.05 0.0546875
0 0.215625 0.696875 0.2125 0.16875
0 0.346875 0.97734375 0.075 0.0453125
0 0.6421875 0.9765625 0.08125 0.046875
0 0.6078125 0.8359375 0.034375 0.034375