0 0.1796875 0.02890625 0.10625 0.0578125
0 0.3296875 0.2921875 0.040625 0.04375
0 0.0671875 0.0703125 0.134375 0.140625
0 0.3390625 0.1609375 0.040625 0.05
0 0.2578125 0.01015625 0.075 0.0203125
0 0.33515625 0.0328125 0.0484375 0.065625
0 0.0921875 0.046875 0.0875 0.0875
0 0.4015625 0.1203125 0.04375 0.04375
0 0.6421875 0.00625 0.034375 0.0125
0 0.6390625 0.0109375 0.028125 0.021875
0 0.1078125 0.925 0.215625 0.15
0 0.1984375 0.94140625 0.153125 0.1171875
0 0.26640625 0.95078125 0.0765625 0.0984375
0 0.178125 0.778125 0.065625 0.16875
0 0.25625 0.625 0.159375 0.159375
0 0.6609375 0.98515625 0.096875 0.0296875
0 0.6296875 0.5171875 0.11875 0.121875