0 0.5421875 0.1828125 0.05625 0.05625
0 0.9671875 0.0109375 0.040625 0.021875
0 0.9703125 0.115625 0.0390625 0.071875
0 0.540625 0.14375 0.0765625 0.115625
0 0.690625 0.1390625 0.0421875 0.0421875
0 0.05625 0.5296875 0.1125 0.19375
0 0.24375 0.6890625 0.0890625 0.0890625
0 0.240625 0.6046875 0.1015625 0.1015625
0 0.153125 0.6546875 0.1109375 0.1078125
0 0.39765625 0.32578125 0.0234375 0.1140625
0 0.6765625 0.7984375 0.053125 0.053125
0 0.8703125 0.9578125 0.053125 0.053125
0 0.8890625 0.3859375 0.0671875 0.0953125
0 0.83125 0.4328125 0.18125 0.2453125
0 0.8359375 0.4671875 0.13125 0.1328125
0 0.6734375 0.4359375 0.0484375 0.05