0 0.96640625 0.4 0.0671875 0.059375
0 0.6015625 0.1921875 0.040625 0.040625
0 0.5359375 0.2140625 0.0375 0.0375
0 0.56875 0.2046875 0.071875 0.06875
0 0.853125 0.01015625 0.0375 0.0203125
0 0.68359375 0.41484375 0.0734375 0.0296875
0 0.85078125 0.0109375 0.0515625 0.021875
0 0.56328125 0.4234375 0.0359375 0.0125
0 0.31953125 0.865625 0.0390625 0.115625
0 0.578125 0.7 0.034375 0.0375
0 0.8078125 0.7984375 0.065625 0.065625
0 0.596875 0.7625 0.090625 0.090625
0 0.671875 0.71875 0.053125 0.05625
0 0.3625 0.753125 0.046875 0.06875
0 0.7578125 0.4484375 0.0375 0.0359375