0 0.0921875 0.0640625 0.09375 0.071875
0 0.096875 0.234375 0.06875 0.06875
0 0.1234375 0.0890625 0.19375 0.175
0 0.721875 0.1046875 0.046875 0.04375
0 0.9484375 0.203125 0.025 0.028125
0 0.428125 0.0875 0.05 0.05
0 0.4359375 0.3375 0.0375 0.0515625
0 0.428125 0.21875 0.0890625 0.1609375
0 0.3296875 0.6484375 0.05 0.08125
0 0.3296875 0.6421875 0.053125 0.059375
0 0.0265625 0.9078125 0.053125 0.140625
0 0.06015625 0.8875 0.1203125 0.175
0 0.0578125 0.8234375 0.0984375 0.0453125
0 0.39296875 0.746875 0.0484375 0.0625
0 0.4640625 0.70546875 0.190625 0.2734375
0 0.9609375 0.915625 0.0640625 0.1625