0 0.0953125 0.540625 0.046875 0.04375
0 0.1203125 0.321875 0.03125 0.034375
0 0.11875 0.1078125 0.0375 0.0265625
0 0.2125 0.615625 0.046875 0.0546875
0 0.015625 0.4125 0.03125 0.05
0 0.6703125 0.709375 0.0234375 0.025
0 0.3578125 0.5234375 0.028125 0.0265625
0 0.1296875 0.6765625 0.0296875 0.0328125
0 0.1828125 0.38125 0.021875 0.021875
0 0.8359375 0.425 0.0609375 0.0984375
0 0.13125 0.8703125 0.0296875 0.0296875
0 0.5125 0.51875 0.0671875 0.0578125
0 0.5171875 0.5046875 0.0609375 0.0296875
0 0.21875 0.628125 0.034375 0.0328125
0 0.0109375 0.1203125 0.0203125 0.053125
0 0.1078125 0.4125 0.0171875 0.0171875
0 0.1359375 0.5890625 0.021875 0.0203125