0 0.16875 0.75 0.071875 0.06875
0 0.1703125 0.4109375 0.065625 0.0625
0 0.14375 0.99140625 0.08125 0.0171875
0 0.1765625 0.4546875 0.103125 0.103125
0 0.765625 0.6421875 0.109375 0.109375
0 0.98359375 0.4859375 0.0328125 0.05
0 0.5265625 0.6828125 0.04375 0.04375
0 0.621875 0.8796875 0.10625 0.10625
0 0.8921875 0.846875 0.0375 0.040625
0 0.7734375 0.875 0.0875 0.0875
0 0.45703125 0.47421875 0.0765625 0.0484375
0 0.7859375 0.63125 0.175 0.171875
0 0.8171875 0.6125 0.103125 0.1
0 0.8984375 0.8515625 0.0484375 0.0515625
0 0.825 0.63125 0.075 0.075
0 0.7828125 0.8890625 0.0671875 0.0671875
0 0.853125 0.3515625 0.1171875 0.11875
0 0.8609375 0.3765625 0.078125 0.078125
0 0.8234375 0.315625 0.0671875 0.0671875