0 0.4359375 0.4421875 0.04375 0.046875
0 0.0203125 0.7234375 0.040625 0.05625
0 0.4390625 0.9046875 0.046875 0.0375
0 0.4421875 0.790625 0.05625 0.059375
0 0.0453125 0.96484375 0.05 0.0703125
0 0.03203125 0.7625 0.0640625 0.103125
0 0.2765625 0.3921875 0.028125 0.04375
0 0.275 0.5171875 0.04375 0.025
0 0.01875 0.5578125 0.0375 0.04375
0 0.35625 0.940625 0.034375 0.040625
0 0.453125 0.2953125 0.0328125 0.0453125
0 0.4125 0.5984375 0.103125 0.0546875
0 0.1625 0.7671875 0.0421875 0.0421875
0 0.4421875 0.5765625 0.0484375 0.0734375
0 0.0390625 0.434375 0.0328125 0.03125
0 0.98671875 0.8578125 0.0265625 0.04375
0 0.6875 0.896875 0.115625 0.11875
0 0.93671875 0.88359375 0.1265625 0.2328125