0 0.0375 0.2765625 0.025 0.028125
0 0.075 0.171875 0.05625 0.059375
0 0.09375 0.1734375 0.028125 0.028125
0 0.0390625 0.259375 0.053125 0.053125
0 0.0953125 0.5375 0.109375 0.05625
0 0.13359375 0.5296875 0.0328125 0.05625
0 0.05625 0.546875 0.040625 0.040625
0 0.4265625 0.8953125 0.025 0.078125
0 0.4890625 0.5140625 0.065625 0.0515625
0 0.9265625 0.440625 0.0796875 0.0375
0 0.5078125 0.915625 0.046875 0.0734375
0 0.9453125 0.4390625 0.0578125 0.03125
0 0.95 0.9921875 0.0375 0.015625
0 0.4296875 0.4671875 0.0296875 0.0375