0 0.334375 0.50078125 0.059375 0.0171875
0 0.5078125 0.340625 0.04375 0.05
0 0.225 0.41875 0.05625 0.1125
0 0.171875 0.328125 0.11875 0.11875
0 0.5796875 0.0625 0.053125 0.09375
0 0.5640625 0.01796875 0.0375 0.0359375
0 0.3703125 0.6390625 0.059375 0.059375
0 0.3171875 0.7109375 0.103125 0.090625
0 0.2015625 0.6421875 0.05625 0.034375
0 0.2078125 0.8859375 0.0515625 0.0515625
0 0.709375 0.97109375 0.053125 0.0578125
0 0.815625 0.52265625 0.0625 0.0265625
0 0.98203125 0.90859375 0.0359375 0.1828125
0 0.88125 0.6171875 0.159375 0.184375
0 0.909375 0.6421875 0.1078125 0.1125
0 0.53828125 0.89296875 0.0171875 0.0765625