0 0.5296875 0.3453125 0.040625 0.084375
0 0.521875 0.2640625 0.05625 0.0875
0 0.3671875 0.234375 0.171875 0.175
0 0.45625 0.246875 0.053125 0.05625
0 0.2125 0.215625 0.059375 0.059375
0 0.159375 0.1875 0.18125 0.121875
0 0.25 0.14375 0.084375 0.0625
0 0.2 0.125 0.18125 0.10625
0 0.178125 0.303125 0.03125 0.03125
0 0.34375 0.1890625 0.090625 0.078125
0 0.6515625 0.48125 0.021875 0.021875
0 0.103125 0.690625 0.071875 0.075
0 0.9234375 0.8921875 0.090625 0.090625
0 0.55546875 0.69375 0.0109375 0.03125