0 0.728125 0.471875 0.15625 0.0734375
0 0.7015625 0.48125 0.08125 0.0546875
0 0.7578125 0.49375 0.103125 0.0296875
0 0.696875 0.3890625 0.0640625 0.0640625
0 0.903125 0.9703125 0.0640625 0.059375
0 0.80625 0.89375 0.0703125 0.0703125
0 0.646875 0.60625 0.053125 0.053125
0 0.703125 0.865625 0.04375 0.04375
0 0.48125 0.740625 0.053125 0.046875
0 0.6796875 0.909375 0.0359375 0.0359375
0 0.7921875 0.6359375 0.034375 0.0390625
0 0.55625 0.625 0.05 0.034375
0 0.85625 0.915625 0.040625 0.0546875
0 0.403125 0.85 0.0703125 0.0359375