0 0.2703125 0.1734375 0.0375 0.0375
0 0.1015625 0.2484375 0.034375 0.034375
0 0.2921875 0.2296875 0.090625 0.078125
0 0.328125 0.046875 0.021875 0.028125
0 0.1375 0.346875 0.025 0.021875
0 0.203125 0.2703125 0.0625 0.053125
0 0.2578125 0.2515625 0.034375 0.03125
0 0.3921875 0.01015625 0.03125 0.0203125
0 0.1625 0.5828125 0.08125 0.071875
0 0.325 0.7078125 0.028125 0.034375
0 0.2765625 0.6875 0.028125 0.053125
0 0.653125 0.64375 0.05 0.059375
0 0.425 0.7671875 0.16875 0.0515625
0 0.55625 0.7140625 0.090625 0.090625
0 0.40390625 0.7578125 0.1296875 0.065625
0 0.3703125 0.5921875 0.0625 0.2125
0 0.35703125 0.771875 0.0359375 0.071875
0 0.459375 0.775 0.05625 0.05625
0 0.84375 0.5640625 0.0578125 0.0765625