0 0.1234375 0.0140625 0.0375 0.028125
0 0.265625 0.0546875 0.040625 0.040625
0 0.871875 0.053125 0.053125 0.053125
0 0.8234375 0.0828125 0.03125 0.053125
0 0.6640625 0.059375 0.03125 0.03125
0 0.2109375 0.5265625 0.128125 0.128125
0 0.00546875 0.49609375 0.0109375 0.0546875
0 0.15 0.7515625 0.05625 0.05625
0 0.109375 0.68125 0.065625 0.065625
0 0.428125 0.8921875 0.04375 0.04375
0 0.3015625 0.91875 0.0515625 0.0515625
0 0.171875 0.9578125 0.08125 0.08125
0 0.5296875 0.728125 0.059375 0.1125
0 0.6375 0.478125 0.109375 0.109375