0 0.015625 0.31875 0.03125 0.0375
0 0.3390625 0.3765625 0.04375 0.0375
0 0.4671875 0.075 0.028125 0.025
0 0.0390625 0.0421875 0.03125 0.034375
0 0.046875 0.0359375 0.040625 0.040625
0 0.3453125 0.05625 0.034375 0.025
0 0.33125 0.3328125 0.0375 0.025
0 0.96875 0.04375 0.0625 0.0875
0 0.7921875 0.0625 0.0875 0.028125
0 0.853125 0.09375 0.046875 0.034375
0 0.50703125 0.6984375 0.0234375 0.059375
0 0.503125 0.7 0.03125 0.0375
0 0.9796875 0.6125 0.040625 0.05
0 0.9921875 0.5359375 0.015625 0.053125
0 0.5390625 0.63125 0.040625 0.06875
0 0.534375 0.5796875 0.03125 0.11875