0 0.125 0.03203125 0.0375 0.0640625
0 0.234375 0.221875 0.046875 0.046875
0 0.315625 0.290625 0.028125 0.028125
0 0.078125 0.3453125 0.028125 0.053125
0 0.496875 0.259375 0.0625 0.046875
0 0.89375 0.1125 0.040625 0.040625
0 0.9671875 0.0671875 0.065625 0.075
0 0.41875 0.4859375 0.046875 0.046875
0 0.2984375 0.440625 0.0375 0.034375
0 0.1171875 0.4359375 0.0375 0.0375
0 0.5265625 0.89375 0.075 0.078125
0 0.7109375 0.6796875 0.0375 0.0375
0 0.7046875 0.99296875 0.028125 0.0140625
0 0.71875 0.7234375 0.0359375 0.021875