0 0.2390625 0.2125 0.096875 0.103125
0 0.2234375 0.32578125 0.15 0.0265625
0 0.53359375 0.1015625 0.1109375 0.115625
0 0.54296875 0.2515625 0.0921875 0.175
0 0.4390625 0.059375 0.3 0.11875
0 0.559375 0.2515625 0.059375 0.1375
0 0.50234375 0.08359375 0.1734375 0.1671875
0 0.921875 0.2796875 0.084375 0.084375
0 0.83125 0.203125 0.065625 0.06875
0 0.36875 0.7 0.0625 0.05625
0 0.31875 0.8796875 0.05625 0.1
0 0.3234375 0.8484375 0.046875 0.046875
0 0.3125 0.9140625 0.040625 0.040625
0 0.6140625 0.34453125 0.0375 0.0109375
0 0.6828125 0.890625 0.040625 0.040625
0 0.753125 0.9875 0.04375 0.025
0 0.7640625 0.6984375 0.040625 0.040625
0 0.8140625 0.809375 0.040625 0.04375