0 0.5125 0.2828125 0.09375 0.1
0 0.496875 0.4375 0.14375 0.1015625
0 0.1453125 0.078125 0.0515625 0.0640625
0 0.165625 0.4734375 0.0578125 0.03125
0 0.809375 0.171875 0.1109375 0.1109375
0 0.89375 0.3578125 0.2109375 0.2625
0 0.721875 0.090625 0.3078125 0.1796875
0 0.871875 0.321875 0.13125 0.13125
0 0.784375 0.11875 0.1859375 0.2375
0 0.2203125 0.659375 0.0671875 0.0671875
0 0.01875 0.79921875 0.0375 0.0609375
0 0.1015625 0.69375 0.084375 0.0703125
0 0.7140625 0.8578125 0.071875 0.071875
0 0.671875 0.565625 0.0515625 0.0515625