0 0.078125 0.45625 0.1 0.0875
0 0.228125 0.4390625 0.0625 0.0625
0 0.803125 0.0859375 0.059375 0.0625
0 0.7921875 0.096875 0.0359375 0.0390625
0 0.728125 0.2015625 0.03125 0.028125
0 0.3203125 0.8203125 0.078125 0.078125
0 0.15 0.9453125 0.040625 0.03125
0 0.20625 0.925 0.025 0.0515625
0 0.44140625 0.5671875 0.0765625 0.053125
0 0.04296875 0.559375 0.0859375 0.05625
0 0.9265625 0.628125 0.0625 0.0625
0 0.784375 0.51015625 0.06875 0.0203125
0 0.8046875 0.5453125 0.046875 0.05
0 0.6984375 0.9625 0.0296875 0.0546875
0 0.52734375 0.61171875 0.0953125 0.0703125
0 0.48515625 0.56171875 0.0109375 0.0421875
0 0.584375 0.640625 0.05 0.0171875