0 0.0625 0.175 0.046875 0.046875
0 0.98984375 0.3015625 0.0203125 0.025
0 0.915625 0.2484375 0.0359375 0.0359375
0 0.2453125 0.609375 0.059375 0.05625
0 0.184375 0.415625 0.1125 0.1125
0 0.0546875 0.7703125 0.1 0.1
0 0.03125 0.7265625 0.040625 0.05
0 0.1328125 0.61875 0.034375 0.0375
0 0.046875 0.5609375 0.0359375 0.0375
0 0.1953125 0.6484375 0.0578125 0.0625
0 0.7359375 0.6953125 0.10625 0.096875
0 0.896875 0.8234375 0.04375 0.04375
0 0.8640625 0.7734375 0.053125 0.05625
0 0.465625 0.5703125 0.03125 0.04375
0 0.50625 0.4296875 0.034375 0.034375
0 0.578125 0.5140625 0.025 0.0234375
0 0.509375 0.5921875 0.0375 0.046875