0 0.4078125 0.3859375 0.103125 0.103125
0 0.4109375 0.346875 0.046875 0.04375
0 0.4046875 0.41875 0.046875 0.046875
0 0.53203125 0.1734375 0.0734375 0.140625
0 0.53984375 0.00703125 0.0578125 0.0140625
0 0.4484375 0.1703125 0.046875 0.046875
0 0.53046875 0.1703125 0.0765625 0.121875
0 0.7671875 0.49921875 0.06875 0.0390625
0 0.7765625 0.4359375 0.1125 0.109375
0 0.83125 0.478125 0.1 0.08125
0 0.609375 0.371875 0.08125 0.153125
0 0.7234375 0.4828125 0.046875 0.046875
0 0.60546875 0.3875 0.0734375 0.109375
0 0.3578125 0.9 0.028125 0.01875
0 0.01171875 0.6671875 0.0234375 0.071875
0 0.1734375 0.75 0.05 0.046875
0 0.59140625 0.984375 0.0453125 0.03125
0 0.796875 0.7796875 0.10625 0.10625
0 0.6984375 0.7421875 0.084375 0.034375