0 0.659375 0.18125 0.0984375 0.0984375
0 0.60546875 0.009375 0.0515625 0.01875
0 0.6625 0.2203125 0.0453125 0.0453125
0 0.65625 0.1484375 0.046875 0.0421875
0 0.0265625 0.8796875 0.053125 0.075
0 0.240625 0.85625 0.04375 0.046875
0 0.040625 0.98359375 0.06875 0.0328125
0 0.2859375 0.8375 0.1234375 0.0890625
0 0.403125 0.8625 0.040625 0.040625
0 0.1125 0.853125 0.0234375 0.034375
0 0.0234375 0.9875 0.03125 0.0234375
0 0.290625 0.809375 0.0375 0.0359375
0 0.91875 0.63125 0.0984375 0.0984375
0 0.90625 0.475 0.053125 0.0515625
0 0.8171875 0.39375 0.159375 0.1078125
0 0.79375 0.58125 0.0609375 0.0578125
0 0.6265625 0.884375 0.0359375 0.046875
0 0.734375 0.7859375 0.0875 0.0828125
0 0.75625 0.946875 0.0484375 0.10625
0 0.684375 0.8640625 0.0375 0.053125
0 0.7 0.396875 0.0375 0.0578125
0 0.84375 0.728125 0.040625 0.0546875
0 0.7625 0.990625 0.0296875 0.0171875
0 0.784375 0.396875 0.0765625 0.1171875