0 0.096875 0.2390625 0.165625 0.1625
0 0.040625 0.3640625 0.08125 0.1625
0 0.425 0.4390625 0.06875 0.06875
0 0.6671875 0.384375 0.040625 0.040625
0 0.99296875 0.259375 0.0140625 0.05
0 0.1625 0.89375 0.03125 0.03125
0 0.3375 0.8984375 0.14375 0.1875
0 0.1234375 0.778125 0.065625 0.065625
0 0.0421875 0.6359375 0.01875 0.028125
0 0.1296875 0.9796875 0.040625 0.040625
0 0.55 0.7515625 0.05625 0.05625
0 0.5796875 0.98515625 0.059375 0.0296875
0 0.6828125 0.6484375 0.059375 0.0625
0 0.7140625 0.725 0.04375 0.04375