0 0.775 0.6921875 0.03125 0.0359375
0 0.6359375 0.6953125 0.0328125 0.034375
0 0.21875 0.590625 0.028125 0.0296875
0 0.4359375 0.6078125 0.0234375 0.025
0 0.375 0.44375 0.1546875 0.0703125
0 0.559375 0.6078125 0.046875 0.0390625
0 0.9421875 0.6109375 0.1 0.11875
0 0.253125 0.671875 0.0546875 0.0421875
0 0.721875 0.6453125 0.0203125 0.0203125
0 0.8375 0.6375 0.075 0.040625
0 0.034375 0.6484375 0.0578125 0.0484375
0 0.065625 0.5421875 0.1015625 0.0671875
0 0.3625 0.6671875 0.034375 0.03125
0 0.18125 0.55 0.0546875 0.0453125
0 0.9453125 0.7296875 0.0609375 0.05
0 0.9796875 0.8109375 0.0390625 0.04375
0 0.0171875 0.4234375 0.034375 0.0453125
0 0.278125 0.746875 0.0546875 0.059375