0 0.1765625 0.365625 0.06875 0.06875
0 0.0125 0.2140625 0.025 0.0625
0 0.865625 0.60703125 0.053125 0.0453125
0 0.9421875 0.2140625 0.025 0.0234375
0 0.5359375 0.58125 0.0375 0.0375
0 0.409375 0.97421875 0.10625 0.0515625
0 0.2828125 0.796875 0.0375 0.0375
0 0.4015625 0.76875 0.0875 0.0875
0 0.38828125 0.965625 0.1640625 0.06875
0 0.3578125 0.98671875 0.08125 0.0265625
0 0.2765625 0.7921875 0.0484375 0.0515625
0 0.35 0.9875 0.075 0.025
0 0.3921875 0.7546875 0.0671875 0.0671875
0 0.8515625 0.83828125 0.296875 0.3234375
0 0.865625 0.81484375 0.26875 0.3703125