0 0.4375 0.290625 0.05 0.06875
0 0.3546875 0.296875 0.0375 0.0375
0 0.1140625 0.521875 0.053125 0.053125
0 0.49765625 0.36875 0.0234375 0.053125
0 0.97734375 0.46875 0.0453125 0.053125
0 0.046875 0.6859375 0.0625 0.0625
0 0.13125 0.7 0.13125 0.065625
0 0.25 0.875 0.20625 0.1984375
0 0.48046875 0.9265625 0.0578125 0.146875
0 0.32421875 0.91640625 0.2203125 0.1671875
0 0.14921875 0.9671875 0.0984375 0.065625
0 0.4796875 0.74296875 0.059375 0.0265625
0 0.88125 0.9578125 0.040625 0.03125
0 0.6828125 0.85 0.0375 0.040625
0 0.9375 0.9375 0.025 0.0515625