0 0.225 0.8296875 0.0328125 0.0328125
0 0.184375 0.703125 0.0375 0.0296875
0 0.825 0.7375 0.0453125 0.0390625
0 0.1375 0.8296875 0.046875 0.0421875
0 0.1046875 0.64375 0.053125 0.03125
0 0.5625 0.88125 0.040625 0.0421875
0 0.2625 0.89375 0.0953125 0.0234375
0 0.1640625 0.74375 0.0796875 0.046875
0 0.296875 0.6640625 0.0328125 0.0421875
0 0.084375 0.6015625 0.03125 0.0515625
0 0.3203125 0.8546875 0.040625 0.0453125
0 0.034375 0.8828125 0.06875 0.046875
0 0.403125 0.140625 0.0265625 0.0625
0 0.0859375 0.571875 0.0328125 0.028125
0 0.9890625 0.80625 0.01875 0.034375