0 0.0125 0.26328125 0.025 0.0453125
0 0.67265625 0.03125 0.0921875 0.0625
0 0.7015625 0.321875 0.03125 0.03125
0 0.6828125 0.01328125 0.06875 0.0265625
0 0.684375 0.1984375 0.0625 0.0625
0 0.7015625 0.3734375 0.034375 0.053125
0 0.8125 0.03046875 0.11875 0.0609375
0 0.778125 0.18671875 0.11875 0.2671875
0 0.7671875 0.1515625 0.096875 0.13125
0 0.83828125 0.0359375 0.2015625 0.071875
0 0.95 0.3953125 0.0515625 0.0515625
0 0.24375 0.778125 0.0875 0.096875
0 0.3578125 0.7515625 0.0625 0.0625
0 0.1359375 0.575 0.028125 0.025
0 0.67734375 0.94375 0.0828125 0.1125
0 0.925 0.921875 0.028125 0.03125
0 0.7734375 0.775 0.109375 0.11875
0 0.890625 0.9890625 0.05 0.021875
0 0.78125 0.990625 0.0375 0.01875
0 0.9625 0.88125 0.0546875 0.0453125