0 0.0859375 0.009375 0.05 0.01875
0 0.20625 0.1984375 0.059375 0.059375
0 0.434375 0.021875 0.05 0.04375
0 0.5890625 0.2984375 0.134375 0.090625
0 0.1 0.625 0.065625 0.146875
0 0.1078125 0.6578125 0.05 0.071875
0 0.16875 0.4875 0.025 0.028125
0 0.09375 0.84375 0.0375 0.10625
0 0.090625 0.56875 0.040625 0.040625
0 0.7359375 0.628125 0.071875 0.08125
0 0.8609375 0.7984375 0.034375 0.04375
0 0.753125 0.98828125 0.04375 0.0234375
0 0.915625 0.4515625 0.0625 0.04375
0 0.840625 0.7421875 0.053125 0.025
0 0.5171875 0.47578125 0.034375 0.0921875