0 0.096875 0.01875 0.06875 0.0375
0 0.540625 0.165625 0.06875 0.06875
0 0.09375 0.678125 0.046875 0.053125
0 0.165625 0.51875 0.053125 0.053125
0 0.05625 0.8109375 0.05 0.08125
0 0.509375 0.878125 0.065625 0.065625
0 0.63125 0.99296875 0.0375 0.0140625
0 0.3984375 0.6953125 0.059375 0.059375
0 0.6265625 0.875 0.059375 0.059375
0 0.6453125 0.578125 0.046875 0.071875
0 0.615625 0.76875 0.03125 0.025
0 0.6046875 0.475 0.0359375 0.034375
0 0.7015625 0.4265625 0.065625 0.09375
0 0.784375 0.4828125 0.128125 0.128125
0 0.875 0.9578125 0.078125 0.078125
0 0.67578125 0.73828125 0.0140625 0.0359375