0 0.1328125 0.20625 0.10625 0.10625
0 0.5328125 0.0421875 0.059375 0.05625
0 0.75 0.2234375 0.0625 0.0625
0 0.4671875 0.7640625 0.040625 0.040625
0 0.084375 0.99140625 0.08125 0.0171875
0 0.0390625 0.98828125 0.03125 0.0234375
0 0.665625 0.6546875 0.075 0.075
0 0.6515625 0.6578125 0.19375 0.04375
0 0.56015625 0.91484375 0.1421875 0.1703125
0 0.5609375 0.890625 0.121875 0.121875
0 0.6859375 0.5578125 0.0703125 0.0796875
0 0.6703125 0.509375 0.1421875 0.1390625
0 0.6640625 0.471875 0.0828125 0.0828125
0 0.9796875 0.35390625 0.040625 0.0890625