0 0.096875 0.2359375 0.03125 0.03125
0 0.5296875 0.040625 0.028125 0.025
0 0.6421875 0.00625 0.071875 0.0125
0 0.0953125 0.6890625 0.071875 0.071875
0 0.00859375 0.63984375 0.0171875 0.1015625
0 0.0953125 0.6109375 0.121875 0.084375
0 0.1078125 0.58828125 0.06875 0.0390625
0 0.0609375 0.6046875 0.059375 0.05625
0 0.87734375 0.8953125 0.2453125 0.209375
0 0.98046875 0.734375 0.0390625 0.084375
0 0.47578125 0.8015625 0.0921875 0.0875
0 0.6625 0.7546875 0.046875 0.05625
0 0.709375 0.746875 0.040625 0.040625
0 0.63125 0.7984375 0.0625 0.0625