0 0.44296875 0.11875 0.0671875 0.071875
0 0.7671875 0.15625 0.0375 0.040625
0 0.97578125 0.134375 0.0484375 0.05625
0 0.5546875 0.2109375 0.15625 0.15625
0 0.98359375 0.140625 0.0328125 0.103125
0 0.5203125 0.271875 0.071875 0.05
0 0.396875 0.6109375 0.025 0.0375
0 0.39140625 0.6109375 0.0359375 0.0375
0 0.778125 0.940625 0.059375 0.059375
0 0.6234375 0.875 0.053125 0.05
0 0.8171875 0.6296875 0.059375 0.059375
0 0.915625 0.9703125 0.06875 0.059375
0 0.98125 0.5109375 0.0375 0.065625
0 0.98046875 0.41875 0.0390625 0.040625
0 0.8921875 0.425 0.021875 0.021875
0 0.7078125 0.4015625 0.1 0.078125
0 0.9171875 0.5125 0.03125 0.034375