0 0.3546875 0.453125 0.1 0.1
0 0.375 0.209375 0.0875 0.09375
0 0.6046875 0.4734375 0.08125 0.078125
0 0.7640625 0.50234375 0.259375 0.0734375
0 0.6421875 0.4859375 0.0625 0.0625
0 0.5578125 0.3078125 0.065625 0.065625
0 0.621875 0.2328125 0.01875 0.0625
0 0.4578125 0.353125 0.075 0.078125
0 0.8953125 0.0890625 0.084375 0.0921875
0 0.7328125 0.3078125 0.028125 0.028125
0 0.884375 0.0734375 0.06875 0.06875
0 0.6765625 0.3328125 0.0296875 0.0296875
0 0.91875 0.0203125 0.0328125 0.03125
0 0.3640625 0.6140625 0.0296875 0.0390625