0 0.284375 0.325 0.034375 0.034375
0 0.96328125 0.4546875 0.0734375 0.090625
0 0.54375 0.43125 0.090625 0.090625
0 0.45 0.325 0.040625 0.065625
0 0.85 0.4796875 0.05625 0.040625
0 0.615625 0.490625 0.046875 0.01875
0 0.740625 0.0171875 0.10625 0.034375
0 0.053125 0.8765625 0.0625 0.0625
0 0.03125 0.534375 0.0234375 0.0234375
0 0.0328125 0.6140625 0.021875 0.0265625
0 0.846875 0.846875 0.03125 0.034375
0 0.6234375 0.56875 0.0390625 0.0515625
0 0.765625 0.90625 0.0421875 0.05625
0 0.45625 0.55625 0.0265625 0.03125