0 0.8171875 0.2109375 0.04375 0.04375
0 0.9640625 0.3671875 0.0375 0.0375
0 0.9703125 0.2890625 0.053125 0.053125
0 0.97265625 0.18828125 0.0546875 0.0828125
0 0.7703125 0.1859375 0.0484375 0.05
0 0.8015625 0.37734375 0.165625 0.1453125
0 0.7140625 0.11015625 0.06875 0.1078125
0 0.765625 0.03203125 0.1 0.0640625
0 0.76328125 0.0328125 0.0703125 0.065625
0 0.9015625 0.196875 0.0640625 0.065625
0 0.703125 0.01953125 0.046875 0.0390625
0 0.753125 0.278125 0.053125 0.053125
0 0.9125 0.2140625 0.10625 0.11875
0 0.36875 0.9046875 0.065625 0.06875
0 0.02265625 0.9546875 0.0453125 0.078125
0 0.56484375 0.96015625 0.0953125 0.0796875
0 0.6203125 0.8390625 0.0734375 0.0359375
0 0.58984375 0.97421875 0.0828125 0.0515625
0 0.5984375 0.8265625 0.0390625 0.0125