0 0.265625 0.36015625 0.0875 0.0390625
0 0.1140625 0.36796875 0.0375 0.0234375
0 0.2359375 0.065625 0.03125 0.03125
0 0.109375 0.0703125 0.03125 0.03125
0 0.584375 0.06015625 0.06875 0.1203125
0 0.98515625 0.33515625 0.0296875 0.0890625
0 0.99140625 0.13359375 0.0171875 0.1109375
0 0.98984375 0.18046875 0.0203125 0.1859375
0 0.5984375 0.1859375 0.0328125 0.0734375
0 0.5953125 0.2421875 0.0359375 0.1796875
0 0.5421875 0.678125 0.015625 0.06875
0 0.446875 0.99296875 0.05 0.0140625
0 0.115625 0.6625 0.0609375 0.0484375
0 0.05390625 0.671875 0.1078125 0.06875
0 0.115625 0.78125 0.053125 0.053125
0 0.196875 0.690625 0.0734375 0.084375
0 0.21875 0.684375 0.1078125 0.0953125
0 0.8859375 0.475 0.134375 0.13125
0 0.95859375 0.5921875 0.0828125 0.115625
0 0.715625 0.46875 0.1578125 0.134375
0 0.91875 0.609375 0.1140625 0.071875