0 0.05 0.4625 0.05 0.05
0 0.5640625 0.378125 0.05 0.075
0 0.640625 0.06875 0.103125 0.103125
0 0.865625 0.403125 0.0671875 0.0671875
0 0.71484375 0.015625 0.0578125 0.03125
0 0.61796875 0.00625 0.0515625 0.0125
0 0.825 0.303125 0.0671875 0.0671875
0 0.9671875 0.471875 0.053125 0.034375
0 0.23125 0.984375 0.0453125 0.03125
0 0.1625 0.834375 0.0453125 0.0453125
0 0.178125 0.871875 0.0546875 0.0546875
0 0.6078125 0.634375 0.0375 0.084375
0 0.60859375 0.97421875 0.0421875 0.0515625
0 0.8125 0.50625 0.0390625 0.0359375