0 0.1890625 0.415625 0.03125 0.03125
0 0.703125 0.1515625 0.084375 0.084375
0 0.9921875 0.1453125 0.015625 0.0625
0 0.7875 0.209375 0.05 0.05
0 0.871875 0.2625 0.184375 0.1875
0 0.125 0.9453125 0.046875 0.046875
0 0.28125 0.7984375 0.0375 0.0375
0 0.203125 0.7921875 0.05625 0.05625
0 0.103125 0.775 0.0875 0.090625
0 0.1 0.98359375 0.05 0.0328125
0 0.2890625 0.9390625 0.140625 0.121875
0 0.2 0.6921875 0.04375 0.04375
0 0.1109375 0.8609375 0.065625 0.0640625
0 0.1984375 0.7015625 0.06875 0.06875
0 0.1484375 0.5671875 0.034375 0.034375
0 0.1921875 0.99140625 0.053125 0.0171875
0 0.128125 0.85 0.11875 0.10625
0 0.3796875 0.928125 0.040625 0.059375