0 0.9 0.14375 0.109375 0.109375
0 0.3828125 0.32265625 0.046875 0.1140625
0 0.75625 0.15 0.065625 0.06875
0 0.4046875 0.3046875 0.090625 0.15
0 0.678125 0.165625 0.075 0.103125
0 0.2125 0.434375 0.06875 0.06875
0 0.2109375 0.58125 0.021875 0.01875
0 0.875 0.8671875 0.065625 0.065625
0 0.728125 0.8484375 0.071875 0.071875
0 0.465625 0.7953125 0.1125 0.1125
0 0.6625 0.8390625 0.053125 0.053125
0 0.865625 0.6484375 0.146875 0.146875
0 0.94453125 0.528125 0.1109375 0.2
0 0.490625 0.7203125 0.028125 0.028125