0 0.1453125 0.1890625 0.140625 0.1375
0 0.14375 0.3421875 0.08125 0.115625
0 0.1453125 0.3890625 0.1375 0.1375
0 0.1453125 0.41171875 0.25 0.1359375
0 0.63125 0.46328125 0.034375 0.0328125
0 0.5125 0.1203125 0.025 0.1
0 0.5484375 0.034375 0.096875 0.06875
0 0.55 0.0359375 0.0875 0.071875
0 0.8125 0.1390625 0.06875 0.06875
0 0.8046875 0.046875 0.0375 0.08125
0 0.103125 0.8328125 0.20625 0.209375
0 0.0875 0.9796875 0.08125 0.040625
0 0.0390625 0.9453125 0.078125 0.1
0 0.8953125 0.9203125 0.028125 0.028125