0 0.1390625 0.4625 0.053125 0.05
0 0.45625 0.140625 0.05 0.05
0 0.3421875 0.325 0.04375 0.04375
0 0.3203125 0.19375 0.0375 0.0625
0 0.52734375 0.590625 0.0234375 0.05625
0 0.3234375 0.171875 0.04375 0.034375
0 0.7921875 0.0859375 0.075 0.071875
0 0.765625 0.1796875 0.0375 0.0375
0 0.73125 0.01484375 0.04375 0.0296875
0 0.6875 0.35625 0.0375 0.040625
0 0.778125 0.4421875 0.0484375 0.046875
0 0.9703125 0.53828125 0.059375 0.0609375
0 0.88125 0.4359375 0.0671875 0.046875
0 0.99453125 0.50703125 0.0109375 0.0421875
0 0.5828125 0.3328125 0.04375 0.0390625
0 0.13125 0.809375 0.2625 0.259375
0 0.56875 0.85625 0.0375 0.0375