0 0.0515625 0.440625 0.0375 0.04375
0 0.1765625 0.44375 0.075 0.053125
0 0.35 0.0328125 0.03125 0.040625
0 0.359375 0.484375 0.065625 0.0625
0 0.3265625 0.0359375 0.05625 0.05625
0 0.3359375 0.496875 0.128125 0.125
0 0.165625 0.2484375 0.040625 0.040625
0 0.5890625 0.4578125 0.028125 0.04375
0 0.6453125 0.328125 0.028125 0.021875
0 0.6546875 0.46875 0.034375 0.084375
0 0.6953125 0.5453125 0.0375 0.028125
0 0.8796875 0.5828125 0.05625 0.046875
0 0.55625 0.8875 0.040625 0.05
0 0.8890625 0.95546875 0.221875 0.0890625