0 0.075 0.2078125 0.0765625 0.071875
0 0.203125 0.415625 0.0796875 0.090625
0 0.1875 0.2296875 0.084375 0.0875
0 0.16875 0.25 0.1546875 0.1546875
0 0.384375 0.4546875 0.0328125 0.053125
0 0.48125 0.165625 0.059375 0.059375
0 0.853125 0.0390625 0.0625 0.0609375
0 0.5265625 0.2546875 0.0640625 0.0640625
0 0.409375 0.203125 0.0203125 0.0921875
0 0.43125 0.259375 0.0625 0.1734375
0 0.31875 0.7609375 0.05 0.05
0 0.7 0.7625 0.1546875 0.125
0 0.5796875 0.8796875 0.0484375 0.04375
0 0.54375 0.9265625 0.0734375 0.0734375