0 0.634375 0.1671875 0.071875 0.071875
0 0.490625 0.0890625 0.05 0.05
0 0.253125 0.140625 0.046875 0.04375
0 0.7390625 0.184375 0.040625 0.040625
0 0.77890625 0.0203125 0.0515625 0.040625
0 0.209375 0.490625 0.0875 0.090625
0 0.4328125 0.5109375 0.034375 0.034375
0 0.96875 0.6546875 0.04375 0.04375
0 0.865625 0.6921875 0.06875 0.06875
0 0.9265625 0.6296875 0.065625 0.06875
0 0.9421875 0.71875 0.10625 0.10625
0 0.9078125 0.65625 0.046875 0.04375
0 0.946875 0.7390625 0.0875 0.08125
0 0.9859375 0.6203125 0.028125 0.05
0 0.859375 0.3328125 0.1 0.028125
0 0.7171875 0.6140625 0.034375 0.015625