0 0.4859375 0.3828125 0.04375 0.046875
0 0.3125 0.0515625 0.03125 0.03125
0 0.15625 0.196875 0.034375 0.034375
0 0.3171875 0.2640625 0.0375 0.046875
0 0.30625 0.96015625 0.090625 0.0796875
0 0.5546875 0.925 0.040625 0.040625
0 0.0484375 0.55 0.059375 0.059375
0 0.2671875 0.575 0.078125 0.078125
0 0.1609375 0.7171875 0.053125 0.05625
0 0.7859375 0.921875 0.078125 0.078125
0 0.7734375 0.98828125 0.075 0.0234375
0 0.6328125 0.646875 0.059375 0.059375
0 0.8203125 0.68125 0.040625 0.090625
0 0.68125 0.8453125 0.0625 0.084375