0 0.565625 0.246875 0.1 0.1
0 0.665625 0.284375 0.0578125 0.0578125
0 0.53125 0.059375 0.04375 0.046875
0 0.165625 0.028125 0.1046875 0.0546875
0 0.48125 0.0875 0.075 0.075
0 0.2234375 0.053125 0.11875 0.10625
0 0.184375 0.05 0.075 0.075
0 0.96484375 0.0375 0.0703125 0.075
0 0.740625 0.884375 0.0390625 0.0546875
0 0.2078125 0.84375 0.0296875 0.0296875
0 0.46484375 0.96796875 0.0734375 0.0640625
0 0.1578125 0.8125 0.1 0.1
0 0.540625 0.69375 0.0921875 0.0921875
0 0.771875 0.6625 0.0234375 0.0890625