0 0.675 0.696875 0.0734375 0.05
0 0.753125 0.771875 0.0375 0.0375
0 0.065625 0.3546875 0.0390625 0.04375
0 0.490625 0.7484375 0.0375 0.0296875
0 0.28125 0.446875 0.09375 0.0421875
0 0.4953125 0.6921875 0.0546875 0.04375
0 0.1828125 0.4890625 0.0390625 0.0453125
0 0.3453125 0.478125 0.040625 0.109375
0 0.3765625 0.74375 0.0375 0.04375
0 0.1359375 0.4390625 0.0625 0.046875
0 0.190625 0.3640625 0.0734375 0.0359375
0 0.33125 0.440625 0.0484375 0.0453125
0 0.265625 0.5578125 0.053125 0.0703125
0 0.2703125 0.5875 0.059375 0.146875
0 0.275 0.6375 0.0546875 0.05