0 0.3875 0.46875 0.0625 0.0625
0 0.4625 0.54375 0.0375 0.03125
0 0.4390625 0.284375 0.03125 0.0375
0 0.1375 0.075 0.04375 0.09375
0 0.3828125 0.2890625 0.04375 0.053125
0 0.16875 0.1390625 0.1125 0.05
0 0.434375 0.1703125 0.040625 0.040625
0 0.0546875 0.0109375 0.0375 0.021875
0 0.13125 0.125 0.046875 0.053125
0 0.2484375 0.059375 0.075 0.05625
0 0.278125 0.0640625 0.10625 0.10625
0 0.328125 0.06875 0.053125 0.053125
0 0.7546875 0.2234375 0.034375 0.03125
0 0.5609375 0.2640625 0.034375 0.034375
0 0.7953125 0.4828125 0.05625 0.071875
0 0.875 0.4453125 0.2125 0.2140625
0 0.703125 0.66875 0.171875 0.171875
0 0.7703125 0.91875 0.059375 0.05625
0 0.7 0.86875 0.140625 0.0625