0 0.365625 0.35625 0.05 0.05
0 0.225 0.0375 0.115625 0.075
0 0.315625 0.33125 0.078125 0.078125
0 0.2171875 0.0875 0.109375 0.1125
0 0.409375 0.259375 0.0375 0.06875
0 0.19375 0.05625 0.065625 0.065625
0 0.328125 0.065625 0.0875 0.0875
0 0.346875 0.084375 0.16875 0.153125
0 0.3890625 0.115625 0.08125 0.08125
0 0.61484375 0.06484375 0.0703125 0.1296875
0 0.6953125 0.1796875 0.203125 0.203125
0 0.0421875 0.428125 0.040625 0.040625
0 0.1234375 0.465625 0.0375 0.025
0 0.3828125 0.5359375 0.0625 0.0625
0 0.39375 0.446875 0.04375 0.04375
0 0.2203125 0.4234375 0.040625 0.04375
0 0.7234375 0.8046875 0.05 0.034375
0 0.8359375 0.8015625 0.04375 0.028125
0 0.6609375 0.921875 0.0375 0.04375
0 0.7828125 0.6046875 0.053125 0.053125
0 0.6890625 0.7828125 0.0375 0.01875
0 0.6640625 0.63125 0.05 0.046875