0 0.171875 0.096875 0.05 0.05
0 0.253125 0.1609375 0.04375 0.04375
0 0.109375 0.040625 0.059375 0.059375
0 0.35 0.39375 0.075 0.075
0 0.6796875 0.353125 0.0625 0.0625
0 0.2171875 0.73125 0.06875 0.03125
0 0.0125 0.68125 0.025 0.071875
0 0.45546875 0.775 0.0484375 0.078125
0 0.353125 0.765625 0.053125 0.053125
0 0.01640625 0.7109375 0.0328125 0.059375
0 0.6078125 0.8796875 0.075 0.05
0 0.5125 0.50625 0.021875 0.01875
0 0.6984375 0.621875 0.01875 0.01875
0 0.5890625 0.878125 0.05 0.04375
0 0.6875 0.5609375 0.01875 0.021875
0 0.5625 0.9375 0.0203125 0.0265625