0 0.5515625 0.8828125 0.0984375 0.04375
0 0.5375 0.2859375 0.0984375 0.059375
0 0.765625 0.203125 0.0671875 0.040625
0 0.6828125 0.70625 0.04375 0.0421875
0 0.709375 0.4796875 0.0546875 0.0625
0 0.171875 0.3375 0.34375 0.1890625
0 0.3140625 0.265625 0.1171875 0.0859375
0 0.584375 0.5515625 0.0328125 0.0328125
0 0.4859375 0.1421875 0.04375 0.0515625
0 0.1515625 0.2015625 0.0765625 0.053125
0 0.68125 0.4765625 0.1 0.0640625
0 0.7671875 0.10625 0.0640625 0.025
0 0.6265625 0.3375 0.0796875 0.046875
0 0.40625 0.3 0.046875 0.0390625