0 0.4609375 0.2421875 0.1 0.0625
0 0.6890625 0.159375 0.053125 0.05625
0 0.6328125 0.4359375 0.0625 0.0625
0 0.1171875 0.29375 0.234375 0.278125
0 0.2375 0.221875 0.109375 0.10625
0 0.5078125 0.5078125 0.03125 0.034375
0 0.409375 0.0984375 0.05 0.05
0 0.075 0.1578125 0.078125 0.053125
0 0.6046875 0.4328125 0.08125 0.08125
0 0.690625 0.0625 0.065625 0.028125
0 0.55 0.29375 0.08125 0.05
0 0.3296875 0.25625 0.04375 0.04375
0 0.49375 0.80625 0.078125 0.08125
0 0.375 0.6171875 0.0625 0.05625
0 0.7734375 0.7171875 0.028125 0.084375
0 0.96953125 0.6875 0.0609375 0.075
0 0.8640625 0.7296875 0.03125 0.03125
0 0.8265625 0.6953125 0.0375 0.0375
0 0.9859375 0.8859375 0.028125 0.025