0 0.196875 0.30625 0.078125 0.078125
0 0.1140625 0.52421875 0.046875 0.0515625
0 0.38828125 0.478125 0.0609375 0.059375
0 0.2484375 0.05625 0.1875 0.1125
0 0.1765625 0.0828125 0.09375 0.121875
0 0.053125 0.2546875 0.046875 0.046875
0 0.38203125 0.45 0.0734375 0.084375
0 0.01953125 0.53203125 0.0390625 0.0359375
0 0.2484375 0.3953125 0.05 0.08125
0 0.2109375 0.175 0.0375 0.046875
0 0.96796875 0.015625 0.0640625 0.03125
0 0.97578125 0.15625 0.0484375 0.203125
0 0.96484375 0.0375 0.0703125 0.075
0 0.0484375 0.56953125 0.046875 0.0390625
0 0.0859375 0.8234375 0.034375 0.034375
0 0.43984375 0.8125 0.0421875 0.0625
0 0.6859375 0.85625 0.0625 0.059375