0 0.1078125 0.215625 0.053125 0.071875
0 0.80625 0.4515625 0.025 0.025
0 0.771875 0.046875 0.028125 0.025
0 0.9453125 0.09375 0.01875 0.0234375
0 0.9203125 0.5296875 0.0171875 0.0203125
0 0.75390625 0.00625 0.0234375 0.0125
0 0.8765625 0.29375 0.0546875 0.08125
0 0.8296875 0.2671875 0.0203125 0.0234375
0 0.8921875 0.0328125 0.028125 0.0421875
0 0.9109375 0.465625 0.015625 0.015625
0 0.865625 0.5765625 0.021875 0.025
0 0.4078125 0.928125 0.05625 0.059375
0 0.3359375 0.896875 0.065625 0.034375
0 0.159375 0.89375 0.040625 0.0328125
0 0.5375 0.959375 0.034375 0.0390625
0 0.0296875 0.89765625 0.059375 0.0515625
0 0.1484375 0.95625 0.04375 0.05
0 0.2609375 0.9 0.0328125 0.0234375
0 0.0921875 0.9515625 0.04375 0.0421875
0 0.0515625 0.8828125 0.034375 0.025
0 0.79375 0.9671875 0.034375 0.034375
0 0.63125 0.903125 0.034375 0.04375