0 0.4984375 0.3671875 0.1125 0.115625
0 0.5890625 0.3078125 0.071875 0.0703125
0 0.490625 0.4375 0.1140625 0.09375
0 0.571875 0.2515625 0.078125 0.059375
0 0.4796875 0.2546875 0.071875 0.065625
0 0.4671875 0.40625 0.0640625 0.0640625
0 0.6015625 0.415625 0.0859375 0.0859375
0 0.6203125 0.434375 0.1625 0.1453125
0 0.6625 0.465625 0.078125 0.078125
0 0.5765625 0.1 0.0640625 0.0640625
0 0.940625 0.37265625 0.11875 0.2234375
0 0.98515625 0.071875 0.0296875 0.1
0 0.4171875 0.89140625 0.025 0.0828125
0 0.40078125 0.80625 0.0578125 0.06875
0 0.39921875 0.690625 0.0609375 0.075
0 0.38125 0.7515625 0.0609375 0.0671875
0 0.35625 0.52421875 0.071875 0.0296875