0 0.00703125 0.4859375 0.0140625 0.046875
0 0.046875 0.403125 0.0375 0.059375
0 0.6953125 0.0375 0.109375 0.075
0 0.7609375 0.0796875 0.0875 0.0875
0 0.9 0.075 0.109375 0.0625
0 0.4734375 0.5234375 0.04375 0.05625
0 0.6109375 0.08125 0.065625 0.065625
0 0.98984375 0.090625 0.0203125 0.05625
0 0.98515625 0.0703125 0.0296875 0.090625
0 0.4734375 0.084375 0.121875 0.028125
0 0.0578125 0.784375 0.096875 0.096875
0 0.215625 0.6328125 0.19375 0.10625
0 0.6421875 0.81875 0.046875 0.046875
0 0.8953125 0.903125 0.0375 0.0375