0 0.0890625 0.1953125 0.08125 0.034375
0 0.153125 0.271875 0.03125 0.034375
0 0.2 0.33515625 0.021875 0.0078125
0 0.0609375 0.19375 0.025 0.03125
0 0.0671875 0.1984375 0.03125 0.03125
0 0.934375 0.140625 0.040625 0.04375
0 0.9875 0.3953125 0.025 0.1125
0 0.96015625 0.396875 0.0796875 0.096875
0 0.8375 0.43125 0.125 0.046875
0 0.690625 0.7078125 0.221875 0.221875
0 0.8921875 0.6796875 0.046875 0.046875
0 0.7359375 0.88828125 0.225 0.2234375
0 0.834375 0.9578125 0.08125 0.08125
0 0.6625 0.5546875 0.103125 0.103125