0 0.3234375 0.2 0.040625 0.040625
0 0.7921875 0.54375 0.059375 0.071875
0 0.4203125 0.2421875 0.04375 0.0484375
0 0.640625 0.23125 0.06875 0.0359375
0 0.8515625 0.56796875 0.184375 0.0234375
0 0.38515625 0.20703125 0.0328125 0.0390625
0 0.0234375 0.64609375 0.046875 0.1328125
0 0.0609375 0.8890625 0.121875 0.175
0 0.4296875 0.94140625 0.121875 0.1171875
0 0.440625 0.965625 0.1125 0.06875
0 0.4734375 0.915625 0.065625 0.065625
0 0.7625 0.728125 0.1015625 0.103125
0 0.7515625 0.8046875 0.096875 0.06875
0 0.884375 0.6828125 0.096875 0.096875