0 0.271875 0.4125 0.065625 0.065625
0 0.2015625 0.34375 0.034375 0.034375
0 0.553125 0.1890625 0.06875 0.06875
0 0.7 0.2078125 0.071875 0.071875
0 0.95390625 0.2609375 0.0921875 0.109375
0 0.765625 0.2171875 0.05 0.05
0 0.5625 0.390625 0.15 0.11875
0 0.9375 0.3359375 0.028125 0.03125
0 0.09140625 0.484375 0.1828125 0.06875
0 0.98203125 0.71953125 0.0359375 0.1203125
0 0.5703125 0.6578125 0.175 0.175
0 0.49921875 0.75 0.0609375 0.071875
0 0.975 0.5859375 0.05 0.05
0 0.903125 0.7390625 0.06875 0.06875
0 0.5546875 0.525 0.103125 0.103125