0 0.2484375 0.30625 0.0734375 0.0734375
0 0.275 0.4 0.0375 0.0328125
0 0.309375 0.228125 0.0421875 0.0421875
0 0.91875 0.203125 0.125 0.1078125
0 0.575 0.615625 0.0296875 0.0515625
0 0.353125 0.5765625 0.0390625 0.0390625
0 0.2625 0.6625 0.0484375 0.046875
0 0.06875 0.759375 0.0625 0.0609375
0 0.578125 0.728125 0.0234375 0.0453125
0 0.484375 0.953125 0.05 0.053125
0 0.0890625 0.9703125 0.059375 0.059375
0 0.159375 0.65625 0.0671875 0.046875
0 0.0296875 0.728125 0.04375 0.0421875
0 0.4578125 0.553125 0.04375 0.0390625
0 0.83125 0.94375 0.0453125 0.0421875
0 0.775 0.675 0.053125 0.053125
0 0.596875 0.58125 0.0171875 0.0359375
0 0.7484375 0.55625 0.040625 0.053125