0 0.9203125 0.3578125 0.121875 0.1015625
0 0.50625 0.234375 0.096875 0.103125
0 0.8640625 0.78125 0.0640625 0.059375
0 0.2578125 0.15625 0.1 0.0671875
0 0.3609375 0.2140625 0.071875 0.059375
0 0.2265625 0.165625 0.040625 0.040625
0 0.1109375 0.5484375 0.21875 0.078125
0 0.771875 0.515625 0.240625 0.071875
0 0.9015625 0.840625 0.084375 0.0625
0 0.7875 0.2015625 0.0703125 0.05625
0 0.746875 0.425 0.1015625 0.071875
0 0.05625 0.6453125 0.1046875 0.05625
0 0.928125 0.30625 0.128125 0.0828125
0 0.95625 0.225 0.0796875 0.0734375
0 0.884375 0.5734375 0.221875 0.134375
0 0.721875 0.4734375 0.1640625 0.1390625
0 0.875 0.1375 0.225 0.078125
0 0.88125 0.2171875 0.0515625 0.0671875