0 0.5453125 0.346875 0.028125 0.028125
0 0.7484375 0.090625 0.046875 0.046875
0 0.96796875 0.059375 0.0640625 0.10625
0 0.5296875 0.66875 0.071875 0.071875
0 0.4703125 0.6203125 0.05 0.0625
0 0.4828125 0.5765625 0.053125 0.053125
0 0.8078125 0.6015625 0.0375 0.0375
0 0.9171875 0.50625 0.04375 0.04375
0 0.7796875 0.415625 0.08125 0.053125
0 0.96796875 0.8515625 0.0640625 0.08125
0 0.9640625 0.9703125 0.03125 0.03125
0 0.9890625 0.93203125 0.021875 0.0390625
0 0.9296875 0.734375 0.028125 0.025
0 0.9890625 0.7921875 0.021875 0.040625
0 0.6671875 0.7421875 0.0421875 0.059375
0 0.640625 0.81484375 0.021875 0.0796875
0 0.646875 0.75703125 0.034375 0.0359375