0 0.203125 0.196875 0.0296875 0.0328125
0 0.359375 0.346875 0.0328125 0.0296875
0 0.153125 0.190625 0.0453125 0.0421875
0 0.3984375 0.440625 0.0390625 0.0390625
0 0.225 0.0375 0.075 0.0734375
0 0.8328125 0.465625 0.0390625 0.0421875
0 0.3453125 0.678125 0.071875 0.01875
0 0.528125 0.778125 0.0296875 0.0296875
0 0.509375 0.9890625 0.0265625 0.021875
0 0.459375 0.934375 0.040625 0.0421875
0 0.5484375 0.728125 0.03125 0.0421875
0 0.65625 0.9109375 0.1 0.153125
0 0.45625 0.8203125 0.034375 0.053125
0 0.61875 0.790625 0.040625 0.0390625
0 0.459375 0.840625 0.0421875 0.1125