0 0.28515625 0.03203125 0.0890625 0.0640625
0 0.3046875 0.0421875 0.05 0.059375
0 0.28125 0.0078125 0.059375 0.015625
0 0.41875 0.153125 0.09375 0.09375
0 0.06875 0.4828125 0.0625 0.109375
0 0.1765625 0.4734375 0.059375 0.04375
0 0.009375 0.7265625 0.01875 0.034375
0 0.01484375 0.9515625 0.0296875 0.05
0 0.06484375 0.99140625 0.0390625 0.0171875
0 0.275 0.7359375 0.0484375 0.0296875
0 0.0109375 0.8453125 0.021875 0.05
0 0.6984375 0.91796875 0.2125 0.1640625
0 0.4296875 0.8625 0.0625 0.0625
0 0.459375 0.4859375 0.0375 0.0359375
0 0.6390625 0.4203125 0.040625 0.040625