0 0.3171875 0.3625 0.0875 0.0921875
0 0.928125 0.0359375 0.059375 0.059375
0 0.840625 0.0234375 0.096875 0.046875
0 0.578125 0.03125 0.0546875 0.0625
0 0.565625 0.403125 0.0328125 0.0453125
0 0.76875 0.35 0.046875 0.046875
0 0.659375 0.2140625 0.0515625 0.0546875
0 0.059375 0.778125 0.0578125 0.05625
0 0.278125 0.753125 0.0765625 0.0765625
0 0.3421875 0.99296875 0.0625 0.0140625
0 0.171875 0.6109375 0.0515625 0.0515625
0 0.8625 0.671875 0.08125 0.08125
0 0.990625 0.965625 0.01875 0.0546875
0 0.88125 0.5515625 0.0984375 0.090625
0 0.80625 0.6765625 0.0640625 0.0625
0 0.8328125 0.6109375 0.0359375 0.034375
0 0.759375 0.9453125 0.0546875 0.0578125
0 0.86796875 0.97734375 0.0578125 0.0453125