0 0.040625 0.39609375 0.034375 0.0078125
0 0.784375 0.10625 0.046875 0.06875
0 0.7359375 0.134375 0.0375 0.0375
0 0.065625 0.49375 0.103125 0.10625
0 0.1734375 0.58125 0.096875 0.096875
0 0.2890625 0.65 0.075 0.071875
0 0.1359375 0.928125 0.078125 0.078125
0 0.1265625 0.971875 0.0875 0.05625
0 0.4203125 0.9453125 0.075 0.078125
0 0.35 0.89375 0.071875 0.071875
0 0.2453125 0.9 0.040625 0.040625
0 0.671875 0.871875 0.0625 0.0625
0 0.88125 0.690625 0.025 0.028125
0 0.6421875 0.9875 0.025 0.025
0 0.6828125 0.9546875 0.03125 0.03125
0 0.9625 0.5984375 0.021875 0.021875
0 0.8875 0.465625 0.01875 0.01875
0 0.6421875 0.75 0.025 0.025
0 0.725 0.753125 0.01875 0.0203125
0 0.7015625 0.8171875 0.0359375 0.0359375
0 0.99453125 0.9703125 0.0109375 0.015625