0 0.01484375 0.4859375 0.0296875 0.028125
0 0.909375 0.4375 0.034375 0.053125
0 0.859375 0.478125 0.040625 0.040625
0 0.828125 0.390625 0.05 0.053125
0 0.0578125 0.6484375 0.1 0.1
0 0.2484375 0.5625 0.053125 0.053125
0 0.0921875 0.51015625 0.04375 0.0203125
0 0.1421875 0.528125 0.05 0.05
0 0.271875 0.51796875 0.075 0.0359375
0 0.30078125 0.66953125 0.0171875 0.0390625
0 0.3015625 0.690625 0.015625 0.078125
0 0.11796875 0.5296875 0.0984375 0.059375
0 0.9609375 0.84375 0.065625 0.065625
0 0.98515625 0.678125 0.0296875 0.040625
0 0.9609375 0.6140625 0.0375 0.034375
0 0.8859375 0.61875 0.0625 0.08125
0 0.7421875 0.6 0.05 0.05