0 0.0203125 0.08125 0.040625 0.05
0 0.2453125 0.034375 0.025 0.025
0 0.3421875 0.1 0.04375 0.04375
0 0.0265625 0.19375 0.0375 0.040625
0 0.1484375 0.409375 0.04375 0.04375
0 0.4453125 0.084375 0.065625 0.065625
0 0.8703125 0.371875 0.059375 0.05
0 0.8609375 0.2359375 0.215625 0.2125
0 0.7328125 0.08046875 0.13125 0.1609375
0 0.953125 0.31875 0.075 0.075
0 0.3203125 0.8359375 0.10625 0.10625
0 0.4390625 0.7203125 0.04375 0.04375
0 0.44453125 0.7578125 0.0703125 0.071875
0 0.340625 0.6984375 0.096875 0.096875
0 0.453125 0.88125 0.053125 0.0875
0 0.178125 0.5484375 0.065625 0.059375
0 0.0234375 0.4546875 0.03125 0.03125
0 0.5171875 0.74375 0.075 0.103125
0 0.87265625 0.9921875 0.0484375 0.015625
0 0.959375 0.6921875 0.08125 0.096875
0 0.95625 0.6546875 0.0875 0.209375
0 0.84375 0.859375 0.053125 0.05
0 0.8484375 0.7625 0.084375 0.084375
0 0.9125 0.8265625 0.065625 0.040625
0 0.8734375 0.834375 0.075 0.075
0 0.53828125 0.8140625 0.1171875 0.178125