0 0.303125 0.01328125 0.046875 0.0265625
0 0.884375 0.49609375 0.196875 0.0671875
0 0.815625 0.140625 0.09375 0.059375
0 0.859375 0.26875 0.034375 0.05625
0 0.2484375 0.696875 0.05 0.021875
0 0.271875 0.83125 0.271875 0.275
0 0.84375 0.55078125 0.103125 0.0421875
0 0.5828125 0.596875 0.059375 0.053125
0 0.871875 0.7203125 0.06875 0.071875
0 0.934375 0.853125 0.071875 0.071875
0 0.9203125 0.96171875 0.159375 0.0765625
0 0.9421875 0.8734375 0.115625 0.165625
0 0.6625 0.878125 0.0625 0.0625
0 0.5859375 0.846875 0.153125 0.175
0 0.6265625 0.746875 0.0484375 0.0484375
0 0.571875 0.68125 0.125 0.11875
0 0.6453125 0.965625 0.0421875 0.0390625