0 0.3609375 0.1546875 0.0375 0.071875
0 0.16875 0.453125 0.0796875 0.0921875
0 0.234375 0.553125 0.0578125 0.0328125
0 0.496875 0.421875 0.0734375 0.0703125
0 0.725 0.0375 0.0515625 0.0515625
0 0.571875 0.0578125 0.0359375 0.0375
0 0.63984375 0.015625 0.0453125 0.03125
0 0.7234375 0.1109375 0.040625 0.040625
0 0.16875 0.8734375 0.0734375 0.0703125
0 0.046875 0.8265625 0.0921875 0.153125
0 0.621875 0.85 0.0796875 0.0765625
0 0.971875 0.5875 0.046875 0.0359375
0 0.978125 0.96484375 0.04375 0.0703125
0 0.940625 0.9296875 0.1171875 0.128125
0 0.80625 0.9234375 0.059375 0.0625
0 0.440625 0.8265625 0.05 0.059375