0 0.2015625 0.59375 0.065625 0.03125
0 0.321875 0.21875 0.0421875 0.0421875
0 0.1046875 0.59375 0.04375 0.03125
0 0.465625 0.5453125 0.065625 0.065625
0 0.415625 0.1828125 0.0734375 0.0734375
0 0.19375 0.5921875 0.0453125 0.034375
0 0.265625 0.5953125 0.0421875 0.028125
0 0.653125 0.1296875 0.0734375 0.0734375
0 0.16875 0.73125 0.078125 0.0515625
0 0.4015625 0.7421875 0.0953125 0.0953125
0 0.53125 0.796875 0.0359375 0.0734375
0 0.03125 0.72734375 0.0625 0.0734375
0 0.38125 0.7671875 0.08125 0.0828125
0 0.54375 0.775 0.0125 0.0390625