0 0.3078125 0.196875 0.0625 0.06875
0 0.2921875 0.0203125 0.0875 0.040625
0 0.3015625 0.0953125 0.065625 0.065625
0 0.20625 0.0765625 0.009375 0.090625
0 0.31953125 0.05625 0.0390625 0.059375
0 0.146875 0.2984375 0.0875 0.0875
0 0.1046875 0.30625 0.1375 0.1375
0 0.97109375 0.028125 0.0578125 0.05625
0 0.35625 0.2296875 0.034375 0.040625
0 0.97890625 0.20625 0.0421875 0.04375
0 0.759375 0.4671875 0.05 0.05
0 0.846875 0.3609375 0.059375 0.05625
0 0.9125 0.284375 0.040625 0.040625
0 0.984375 0.3953125 0.03125 0.0625
0 0.8640625 0.2921875 0.04375 0.04375
0 0.8265625 0.0171875 0.04375 0.034375
0 0.365625 0.47890625 0.053125 0.0421875