0 0.1421875 0.175 0.0328125 0.0328125
0 0.1703125 0.0453125 0.0484375 0.0375
0 0.16875 0.2375 0.0390625 0.0390625
0 0.61875 0.39375 0.0296875 0.0140625
0 0.2171875 0.78125 0.1234375 0.1703125
0 0.15 0.4140625 0.1296875 0.028125
0 0.04375 0.984375 0.0875 0.0296875
0 0.05 0.4875 0.096875 0.1765625
0 0.06875 0.871875 0.053125 0.0578125
0 0.040625 0.70625 0.0546875 0.0875
0 0.0140625 0.8703125 0.028125 0.0875
0 0.1796875 0.9203125 0.059375 0.059375
0 0.98671875 0.53359375 0.0265625 0.0390625
0 0.5625 0.73125 0.01875 0.0421875