0 0.0953125 0.315625 0.0625 0.0625
0 0.1234375 0.215625 0.078125 0.078125
0 0.0984375 0.159375 0.05 0.05
0 0.03359375 0.425 0.0671875 0.10625
0 0.3546875 0.4609375 0.05625 0.05
0 0.44765625 0.4953125 0.0234375 0.05
0 0.3109375 0.5203125 0.1125 0.059375
0 0.290625 0.353125 0.040625 0.0375
0 0.284375 0.3328125 0.05 0.078125
0 0.44609375 0.50625 0.0265625 0.090625
0 0.2703125 0.309375 0.025 0.025
0 0.278125 0.321875 0.0375 0.05625
0 0.9375 0.0921875 0.05 0.05
0 0.078125 0.71875 0.06875 0.015625
0 0.2359375 0.7125 0.06875 0.028125
0 0.3171875 0.6625 0.084375 0.084375
0 0.790625 0.6484375 0.04375 0.04375
0 0.846875 0.9265625 0.14375 0.14375
0 0.978125 0.9 0.04375 0.153125
0 0.69375 0.9578125 0.071875 0.071875