0 0.0421875 0.2375 0.084375 0.0921875
0 0.3125 0.3359375 0.0265625 0.075
0 0.415625 0.271875 0.0359375 0.0359375
0 0.4625 0.528125 0.0375 0.0375
0 0.8 0.21875 0.0484375 0.0484375
0 0.784375 0.28125 0.0671875 0.0671875
0 0.990625 0.45625 0.0171875 0.0859375
0 0.9828125 0.178125 0.034375 0.0375
0 0.44375 0.36875 0.04375 0.04375
0 0.3125 0.1859375 0.0265625 0.065625
0 0.5609375 0.1421875 0.03125 0.03125
0 0.4234375 0.3703125 0.0734375 0.0734375
0 0.4 0.371875 0.028125 0.028125
0 0.321875 0.1375 0.04375 0.065625
0 0.5109375 0.546875 0.046875 0.0265625
0 0.1828125 0.6921875 0.1515625 0.153125
0 0.6625 0.784375 0.0734375 0.0734375
0 0.3671875 0.9921875 0.075 0.015625
0 0.7234375 0.64375 0.084375 0.084375