0 0.40625 0.2109375 0.040625 0.040625
0 0.41640625 0.0515625 0.0265625 0.04375
0 0.41875 0.053125 0.021875 0.075
0 0.3578125 0.2296875 0.046875 0.028125
0 0.1453125 0.32578125 0.090625 0.0859375
0 0.553125 0.1796875 0.053125 0.053125
0 0.346875 0.8015625 0.1375 0.059375
0 0.2265625 0.43671875 0.14375 0.1359375
0 0.178125 0.55 0.15 0.153125
0 0.175 0.784375 0.05625 0.09375
0 0.134375 0.453125 0.034375 0.05
0 0.928125 0.5171875 0.078125 0.06875
0 0.50625 0.4234375 0.05 0.05
0 0.515625 0.409375 0.04375 0.08125
0 0.85625 0.7953125 0.046875 0.046875
0 0.871875 0.7453125 0.128125 0.128125
0 0.915625 0.5578125 0.028125 0.028125