0 0.14375 0.134375 0.028125 0.028125
0 0.26875 0.29375 0.034375 0.034375
0 0.471875 0.1671875 0.04375 0.171875
0 0.459375 0.30859375 0.01875 0.0609375
0 0.9515625 0.2484375 0.034375 0.025
0 0.01484375 0.796875 0.0296875 0.15625
0 0.04453125 0.871875 0.0890625 0.11875
0 0.02890625 0.978125 0.0578125 0.04375
0 0.0515625 0.721875 0.071875 0.075
0 0.0734375 0.628125 0.04375 0.04375
0 0.4828125 0.4625 0.065625 0.15
0 0.51875 0.503125 0.084375 0.084375
0 0.528125 0.384375 0.084375 0.084375
0 0.9171875 0.484375 0.025 0.028125
0 0.715625 0.578125 0.04375 0.04375
0 0.7625 0.803125 0.015625 0.0375
0 0.696875 0.9 0.04375 0.04375
0 0.603125 0.584375 0.040625 0.040625
0 0.7125 0.9859375 0.0625 0.028125
0 0.99296875 0.72890625 0.0140625 0.0328125
0 0.909375 0.815625 0.078125 0.078125