0 0.4234375 0.4234375 0.059375 0.03125
0 0.5484375 0.5375 0.028125 0.03125
0 0.6546875 0.459375 0.053125 0.053125
0 0.6921875 0.4828125 0.034375 0.184375
0 0.546875 0.4125 0.040625 0.071875
0 0.2984375 0.4109375 0.04375 0.04375
0 0.6421875 0.3609375 0.046875 0.046875
0 0.8625 0.1125 0.04375 0.04375
0 0.99453125 0.2015625 0.0109375 0.04375
0 0.97421875 0.1796875 0.0515625 0.053125
0 0.72265625 0.1734375 0.0265625 0.065625
0 0.2046875 0.7109375 0.08125 0.078125
0 0.11875 0.7234375 0.05625 0.071875
0 0.5171875 0.9453125 0.021875 0.021875
0 0.4796875 0.8640625 0.05625 0.065625
0 0.4453125 0.6765625 0.090625 0.04375
0 0.28125 0.815625 0.075 0.075