0 0.1625 0.5640625 0.028125 0.05625
0 0.215625 0.3890625 0.03125 0.03125
0 0.30625 0.4796875 0.065625 0.06875
0 0.16875 0.078125 0.071875 0.071875
0 0.0390625 0.1265625 0.053125 0.053125
0 0.459375 0.3546875 0.040625 0.059375
0 0.83125 0.2203125 0.04375 0.04375
0 0.6546875 0.67265625 0.046875 0.0140625
0 0.159375 0.75546875 0.0375 0.1515625
0 0.315625 0.7703125 0.103125 0.103125
0 0.41953125 0.790625 0.0390625 0.0625
0 0.1625 0.7625 0.04375 0.0875
0 0.94453125 0.890625 0.1109375 0.21875
0 0.86484375 0.871875 0.2703125 0.171875