0 0.115625 0.43125 0.0515625 0.0515625
0 0.3875 0.19375 0.0578125 0.059375
0 0.6375 0.471875 0.0171875 0.0359375
0 0.790625 0.471875 0.078125 0.0359375
0 0.0453125 0.896875 0.0625 0.0609375
0 0.590625 0.540625 0.0796875 0.103125
0 0.475 0.528125 0.1125 0.0765625
0 0.00625 0.9484375 0.0109375 0.046875
0 0.496875 0.6953125 0.046875 0.0578125
0 0.609375 0.80625 0.040625 0.0625
0 0.9921875 0.8265625 0.015625 0.059375
0 0.96875 0.690625 0.053125 0.0546875
0 0.94375 0.58125 0.04375 0.04375
0 0.825 0.6515625 0.0453125 0.046875