0 0.015625 0.1890625 0.03125 0.040625
0 0.1 0.3015625 0.0375 0.040625
0 0.159375 0.39609375 0.03125 0.0265625
0 0.246875 0.2890625 0.034375 0.03125
0 0.5328125 0.934375 0.0125 0.046875
0 0.2125 0.96875 0.065625 0.0625
0 0.0359375 0.640625 0.071875 0.078125
0 0.10625 0.8703125 0.065625 0.06875
0 0.06015625 0.7125 0.1203125 0.19375
0 0.071875 0.86328125 0.14375 0.1296875
0 0.01328125 0.7359375 0.0265625 0.084375
0 0.9578125 0.959375 0.06875 0.06875
0 0.64140625 0.86484375 0.2046875 0.2703125
0 0.728125 0.91796875 0.203125 0.1640625
0 0.734375 0.92265625 0.165625 0.1546875
0 0.6703125 0.9078125 0.125 0.1375
0 0.6109375 0.8828125 0.10625 0.1109375
0 0.5625 0.8546875 0.046875 0.090625