0 0.2328125 0.4859375 0.059375 0.06875
0 0.1875 0.075 0.046875 0.046875
0 0.246875 0.3578125 0.03125 0.034375
0 0.159375 0.0234375 0.046875 0.046875
0 0.14375 0.234375 0.034375 0.034375
0 0.284375 0.4015625 0.0375 0.0375
0 0.4515625 0.4109375 0.065625 0.090625
0 0.478125 0.1625 0.04375 0.034375
0 0.853125 0.66875 0.05625 0.05625
0 0.828125 0.45 0.078125 0.078125
0 0.6859375 0.55625 0.0515625 0.0515625
0 0.23125 0.975 0.034375 0.05
0 0.21875 0.946875 0.071875 0.06875
0 0.5296875 0.76875 0.034375 0.03125