0 0.45625 0.590625 0.0578125 0.0421875
0 0.565625 0.246875 0.0375 0.0453125
0 0.8109375 0.409375 0.090625 0.084375
0 0.1859375 0.778125 0.034375 0.0328125
0 0.2890625 0.4265625 0.0359375 0.0328125
0 0.5 0.4765625 0.0796875 0.059375
0 0.1296875 0.5640625 0.03125 0.0296875
0 0.5046875 0.621875 0.0484375 0.04375
0 0.6015625 0.115625 0.0671875 0.04375
0 0.5125 0.5515625 0.0265625 0.025
0 0.4140625 0.8796875 0.0375 0.0453125
0 0.3 0.8578125 0.0453125 0.0359375
0 0.1703125 0.4765625 0.04375 0.071875
0 0.5984375 0.3296875 0.0859375 0.0359375
0 0.028125 0.425 0.05625 0.05
0 0.2140625 0.5359375 0.0453125 0.04375
0 0.021875 0.128125 0.04375 0.028125
0 0.7046875 0.1078125 0.065625 0.028125
0 0.9828125 0.4015625 0.034375 0.06875
0 0.7640625 0.1796875 0.0609375 0.0515625
0 0.6890625 0.265625 0.05625 0.0546875
0 0.1515625 0.675 0.05 0.03125
0 0.0140625 0.2390625 0.0265625 0.0453125
0 0.909375 0.6421875 0.028125 0.0265625