0 0.2609375 0.515625 0.053125 0.053125
0 0.0796875 0.1609375 0.090625 0.096875
0 0.146875 0.471875 0.065625 0.084375
0 0.2921875 0.4671875 0.04375 0.046875
0 0.221875 0.459375 0.025 0.025
0 0.00859375 0.3734375 0.0171875 0.084375
0 0.07109375 0.00390625 0.0703125 0.0078125
0 0.3125 0.0625 0.028125 0.03125
0 0.646875 0.2140625 0.04375 0.04375
0 0.875 0.425 0.034375 0.034375
0 0.05859375 0.64375 0.1171875 0.16875
0 0.38125 0.753125 0.096875 0.121875
0 0.5546875 0.8828125 0.078125 0.078125
0 0.625 0.8375 0.096875 0.096875
0 0.6625 0.8890625 0.0125 0.05625
0 0.71875 0.5921875 0.046875 0.046875