0 0.4234375 0.1515625 0.090625 0.109375
0 0.0921875 0.025 0.109375 0.05
0 0.271875 0.0859375 0.053125 0.05
0 0.128125 0.359375 0.071875 0.071875
0 0.159375 0.025 0.046875 0.046875
0 0.1546875 0.34453125 0.103125 0.1296875
0 0.26875 0.253125 0.04375 0.08125
0 0.1828125 0.35 0.0875 0.0875
0 0.0875 0.165625 0.05625 0.05625
0 0.1640625 0.1046875 0.103125 0.103125
0 0.1828125 0.2140625 0.11875 0.11875
0 0.3734375 0.0234375 0.053125 0.046875
0 0.0875 0.6453125 0.125 0.128125
0 0.0796875 0.446875 0.1 0.075
0 0.05625 0.878125 0.053125 0.05
0 0.0921875 0.7796875 0.0625 0.0625
0 0.7859375 0.41328125 0.05625 0.0078125
0 0.8296875 0.6515625 0.059375 0.090625
0 0.47578125 0.9609375 0.0140625 0.05
0 0.4984375 0.44375 0.0375 0.0375
0 0.70625 0.5765625 0.0375 0.0375
0 0.678125 0.971875 0.05625 0.05625
0 0.8890625 0.6 0.190625 0.103125