0 0.19375 0.1859375 0.04375 0.04375
0 0.065625 0.640625 0.0375 0.03125
0 0.05625 0.803125 0.0359375 0.034375
0 0.7609375 0.80625 0.0296875 0.034375
0 0.0484375 0.871875 0.0421875 0.0453125
0 0.76875 0.3984375 0.0234375 0.025
0 0.23125 0.3234375 0.025 0.0265625
0 0.896875 0.1390625 0.053125 0.0890625
0 0.4515625 0.18125 0.0265625 0.0265625
0 0.45625 0.640625 0.0359375 0.0328125
0 0.4890625 0.5859375 0.0546875 0.040625
0 0.784375 0.6421875 0.0578125 0.0640625
0 0.096875 0.1046875 0.0484375 0.021875
0 0.5515625 0.803125 0.0265625 0.0265625
0 0.321875 0.2765625 0.03125 0.0296875
0 0.0859375 0.2921875 0.04375 0.05
0 0.2359375 0.5171875 0.0203125 0.0234375
0 0.309375 0.2609375 0.0484375 0.05625
0 0.29375 0.24375 0.01875 0.0203125
0 0.2625 0.1 0.0234375 0.0125
0 0.0625 0.3375 0.0515625 0.040625
0 0.50625 0.1984375 0.0359375 0.0296875