0 0.44375 0.828125 0.0296875 0.0265625
0 0.2625 0.115625 0.0234375 0.0203125
0 0.428125 0.1609375 0.028125 0.0265625
0 0.4359375 0.3984375 0.0203125 0.021875
0 0.5953125 0.6328125 0.075 0.0484375
0 0.5 0.259375 0.021875 0.0203125
0 0.6859375 0.375 0.0171875 0.0203125
0 0.0265625 0.2671875 0.0359375 0.0265625
0 0.5765625 0.63125 0.0484375 0.040625
0 0.6109375 0.103125 0.0421875 0.0171875
0 0.690625 0.2125 0.01875 0.01875
0 0.675 0.3140625 0.01875 0.021875
0 0.1 0.415625 0.03125 0.0265625
0 0.1640625 0.1328125 0.021875 0.021875
0 0.55 0.690625 0.0203125 0.0265625
0 0.5453125 0.115625 0.0390625 0.0421875