0 0.2171875 0.5203125 0.021875 0.021875
0 0.375 0.4609375 0.040625 0.040625
0 0.353125 0.2234375 0.028125 0.028125
0 0.434375 0.3546875 0.025 0.025
0 0.221875 0.5671875 0.040625 0.075
0 0.1375 0.4328125 0.028125 0.025
0 0.040625 0.2546875 0.046875 0.046875
0 0.840625 0.2625 0.11875 0.11875
0 0.796875 0.3671875 0.05 0.05
0 0.0671875 0.7265625 0.0875 0.053125
0 0.9375 0.8703125 0.071875 0.075
0 0.6859375 0.9390625 0.034375 0.034375
0 0.6484375 0.97421875 0.115625 0.0515625
0 0.640625 0.95546875 0.06875 0.0890625