0 0.18125 0.4421875 0.065625 0.0625
0 0.1796875 0.4234375 0.04375 0.05
0 0.2390625 0.396875 0.025 0.021875
0 0.6375 0.653125 0.15 0.071875
0 0.6375 0.2859375 0.071875 0.071875
0 0.32734375 0.2515625 0.0171875 0.071875
0 0.4359375 0.2671875 0.090625 0.09375
0 0.5359375 0.2765625 0.065625 0.065625
0 0.5171875 0.18125 0.090625 0.0125
0 0.69375 0.5890625 0.0375 0.05625
0 0.496875 0.3046875 0.059375 0.059375
0 0.659375 0.5265625 0.059375 0.059375
0 0.7390625 0.121875 0.05625 0.1125
0 0.746875 0.0796875 0.140625 0.140625
0 0.178125 0.9078125 0.053125 0.053125
0 0.0703125 0.7703125 0.05 0.05
0 0.01484375 0.8421875 0.0296875 0.134375
0 0.7453125 0.9234375 0.065625 0.0625