0 0.025 0.171875 0.05 0.078125
0 0.284375 0.2 0.046875 0.046875
0 0.80625 0.28125 0.0890625 0.090625
0 0.59921875 0.36328125 0.0359375 0.0515625
0 0.734375 0.284375 0.2046875 0.2046875
0 0.615625 0.3234375 0.06875 0.13125
0 0.70625 0.24375 0.0921875 0.0921875
0 0.2328125 0.4453125 0.053125 0.053125
0 0.4890625 0.7359375 0.053125 0.053125
0 0.5578125 0.40390625 0.06875 0.0296875
0 0.5265625 0.5703125 0.096875 0.096875
0 0.9515625 0.79296875 0.096875 0.0421875
0 0.7734375 0.78125 0.03125 0.028125
0 0.6953125 0.8984375 0.05 0.05
0 0.6578125 0.9609375 0.0375 0.0421875
0 0.7234375 0.8640625 0.040625 0.0375
0 0.7359375 0.4109375 0.096875 0.04375