0 0.28125 0.234375 0.0640625 0.0671875
0 0.275 0.403125 0.059375 0.0640625
0 0.0125 0.27421875 0.025 0.0453125
0 0.284375 0.346875 0.059375 0.059375
0 0.075 0.32421875 0.15 0.1515625
0 0.209375 0.2109375 0.1109375 0.13125
0 0.3453125 0.1375 0.028125 0.0546875
0 0.346875 0.125 0.0265625 0.075
0 0.2875 0.05625 0.0375 0.0375
0 0.2875 0.075 0.071875 0.071875
0 0.115625 0.30625 0.096875 0.10625
0 0.03125 0.346875 0.0609375 0.08125
0 0.28125 0.371875 0.10625 0.1140625
0 0.0640625 0.24375 0.1203125 0.1171875
0 0.428125 0.103125 0.1046875 0.1125
0 0.865625 0.1796875 0.090625 0.084375
0 0.98125 0.09375 0.0359375 0.0640625
0 0.553125 0.1578125 0.0515625 0.0515625
0 0.4734375 0.409375 0.046875 0.046875
0 0.775 0.23125 0.0484375 0.0453125
0 0.690625 0.28125 0.196875 0.1515625
0 0.025 0.98125 0.05 0.0375
0 0.278125 0.73125 0.059375 0.05625
0 0.128125 0.934375 0.0765625 0.0765625
0 0.040625 0.6109375 0.0515625 0.0421875
0 0.1125 0.940625 0.09375 0.084375
0 0.896875 0.6609375 0.065625 0.0671875
0 0.596875 0.5234375 0.0890625 0.06875
0 0.7078125 0.5359375 0.115625 0.09375
0 0.7484375 0.50625 0.071875 0.0328125