0 0.2 0.140625 0.08125 0.084375
0 0.209375 0.2296875 0.13125 0.13125
0 0.3 0.0421875 0.059375 0.071875
0 0.1328125 0.1453125 0.05625 0.053125
0 0.059375 0.059375 0.025 0.071875
0 0.1921875 0.2578125 0.05625 0.05625
0 0.14375 0.0703125 0.046875 0.046875
0 0.6234375 0.0296875 0.071875 0.046875
0 0.9078125 0.046875 0.034375 0.03125
0 0.00859375 0.56953125 0.0171875 0.0828125
0 0.1078125 0.5171875 0.075 0.075
0 0.0640625 0.6390625 0.09375 0.09375
0 0.0125 0.49296875 0.025 0.0484375
0 0.0890625 0.6265625 0.04375 0.04375
0 0.18125 0.8234375 0.1125 0.10625
0 0.4734375 0.7578125 0.03125 0.03125