0 0.0625 0.3 0.065625 0.059375
0 0.0375 0.021875 0.0453125 0.04375
0 0.025 0.08125 0.05 0.1609375
0 0.090625 0.228125 0.1078125 0.10625
0 0.1546875 0.384375 0.0546875 0.0546875
0 0.1671875 0.4015625 0.071875 0.0859375
0 0.240625 0.315625 0.0375 0.0375
0 0.221875 0.315625 0.075 0.075
0 0.0234375 0.1296875 0.046875 0.09375
0 0.1875 0.421875 0.0296875 0.0296875
0 0.1765625 0.4109375 0.0546875 0.0546875
0 0.065625 0.0828125 0.1171875 0.1171875
0 0.940625 0.5546875 0.0546875 0.0546875
0 0.409375 0.3453125 0.0828125 0.196875
0 0.8328125 0.459375 0.0703125 0.0703125
0 0.81875 0.13125 0.125 0.125
0 0.8578125 0.09375 0.221875 0.1875
0 0.75625 0.328125 0.0625 0.0625
0 0.7296875 0.2375 0.1171875 0.1171875
0 0.8109375 0.2765625 0.0625 0.0625
0 0.91484375 0.046875 0.1203125 0.09375
0 0.765625 0.5234375 0.0765625 0.0734375
0 0.875 0.540625 0.0875 0.0875
0 0.778125 0.296875 0.1046875 0.1046875
0 0.8109375 0.546875 0.0484375 0.0515625
0 0.45 0.4 0.1625 0.3109375
0 0.1453125 0.840625 0.0796875 0.0796875
0 0.234375 0.85 0.1265625 0.128125
0 0.046875 0.946875 0.0703125 0.0703125
0 0.15 0.7734375 0.0546875 0.0546875
0 0.0640625 0.7 0.071875 0.021875
0 0.2625 0.8328125 0.0546875 0.0546875
0 0.075 0.784375 0.0453125 0.0453125
0 0.7484375 0.803125 0.11875 0.1203125
0 0.90859375 0.76171875 0.1828125 0.1453125
0 0.496875 0.965625 0.0640625 0.065625
0 0.5453125 0.91875 0.0796875 0.0796875