0 0.5625 0.359375 0.053125 0.065625
0 0.55859375 0.40703125 0.0609375 0.0453125
0 0.5484375 0.38125 0.08125 0.096875
0 0.3703125 0.353125 0.05 0.05
0 0.153125 0.41015625 0.18125 0.0390625
0 0.5625 0.03125 0.053125 0.059375
0 0.246875 0.2390625 0.084375 0.084375
0 0.1359375 0.2265625 0.10625 0.10625
0 0.0953125 0.25625 0.053125 0.053125
0 0.70625 0.4140625 0.05 0.03125
0 0.01484375 0.7734375 0.0296875 0.071875
0 0.0421875 0.7546875 0.059375 0.059375
0 0.859375 0.88515625 0.28125 0.2296875
0 0.6765625 0.5953125 0.134375 0.134375
0 0.69375 0.5765625 0.103125 0.075
0 0.79453125 0.965625 0.4109375 0.06875