0 0.284375 0.3203125 0.0875 0.0875
0 0.38125 0.415625 0.04375 0.04375
0 0.34375 0.51875 0.06875 0.06875
0 0.40625 0.4578125 0.046875 0.084375
0 0.3171875 0.4421875 0.1046875 0.1046875
0 0.3796875 0.4765625 0.040625 0.04375
0 0.296875 0.4375 0.078125 0.08125
0 0.415625 0.3875 0.028125 0.06875
0 0.64375 0.034375 0.096875 0.06875
0 0.7 0.340625 0.0640625 0.0640625
0 0.765625 0.053125 0.06875 0.06875
0 0.69375 0.278125 0.084375 0.084375
0 0.8171875 0.2359375 0.071875 0.071875
0 0.6875 0.1640625 0.0765625 0.0765625
0 0.7390625 0.525 0.1 0.1
0 0.421875 0.68125 0.015625 0.0640625
0 0.0515625 0.8140625 0.0796875 0.0796875
0 0.9921875 0.678125 0.015625 0.0328125
0 0.88359375 0.99296875 0.0328125 0.0140625