0 0.28125 0.5953125 0.0453125 0.11875
0 0.428125 0.6765625 0.084375 0.1046875
0 0.9328125 0.85625 0.04375 0.0703125
0 0.1 0.18125 0.1078125 0.1703125
0 0.45 0.8390625 0.0375 0.0875
0 0.15625 0.89375 0.021875 0.021875
0 0.0828125 0.30625 0.040625 0.03125
0 0.1015625 0.3859375 0.0734375 0.2015625
0 0.3953125 0.8015625 0.0484375 0.06875
0 0.078125 0.4390625 0.05 0.065625
0 0.103125 0.3328125 0.0484375 0.078125
0 0.053125 0.515625 0.0375 0.03125
0 0.0578125 0.215625 0.0390625 0.05
0 0.25625 0.728125 0.025 0.05625
0 0.6125 0.2625 0.034375 0.025