0 0.28125 0.090625 0.04375 0.04375
0 0.134375 0.265625 0.13125 0.134375
0 0.2390625 0.2921875 0.075 0.075
0 0.50625 0.5625 0.090625 0.090625
0 0.409375 0.6578125 0.04375 0.04375
0 0.446875 0.7609375 0.06875 0.06875
0 0.384375 0.7 0.053125 0.0875
0 0.4734375 0.684375 0.10625 0.10625
0 0.4109375 0.71875 0.04375 0.04375
0 0.49375 0.6796875 0.084375 0.0875
0 0.375 0.6296875 0.053125 0.053125
0 0.090625 0.5828125 0.065625 0.065625
0 0.096875 0.5203125 0.084375 0.084375
0 0.103125 0.40625 0.0765625 0.0765625
0 0.0515625 0.7671875 0.1 0.1
0 0.36875 0.9234375 0.015625 0.0640625
0 0.7484375 0.4984375 0.065625 0.065625