0 0.8640625 0.0328125 0.0328125 0.0453125
0 0.62734375 0.30625 0.0546875 0.0625
0 0.60703125 0.240625 0.0140625 0.034375
0 0.234375 0.459375 0.071875 0.071875
0 0.0109375 0.48125 0.021875 0.05625
0 0.3984375 0.5609375 0.1125 0.053125
0 0.440625 0.56875 0.196875 0.06875
0 0.89375 0.478125 0.053125 0.05
0 0.96640625 0.96875 0.0671875 0.0625
0 0.98671875 0.6375 0.0265625 0.05
0 0.8359375 0.5609375 0.034375 0.0578125
0 0.97578125 0.53046875 0.0484375 0.0578125
0 0.96953125 0.58515625 0.0609375 0.1796875