0 0.365625 0.56328125 0.05 0.0109375
0 0.4234375 0.375 0.03125 0.05625
0 0.3453125 0.478125 0.05625 0.05625
0 0.3984375 0.340625 0.04375 0.04375
0 0.8578125 0.4421875 0.190625 0.075
0 0.771875 0.55390625 0.090625 0.0296875
0 0.625 0.4734375 0.053125 0.053125
0 0.76875 0.01953125 0.040625 0.0390625
0 0.7234375 0.4375 0.0625 0.0625
0 0.3015625 0.915625 0.053125 0.05625
0 0.2921875 0.97734375 0.053125 0.0453125
0 0.2734375 0.8546875 0.046875 0.03125
0 0.3046875 0.840625 0.06875 0.06875
0 0.40234375 0.78125 0.0734375 0.090625
0 0.98671875 0.96796875 0.0265625 0.0640625
0 0.678125 0.609375 0.075 0.075
0 0.7765625 0.6328125 0.18125 0.128125