0 0.4828125 0.028125 0.075 0.05625
0 0.040625 0.121875 0.046875 0.040625
0 0.1109375 0.328125 0.046875 0.05
0 0.33125 0.3390625 0.071875 0.0375
0 0.02265625 0.225 0.0453125 0.05
0 0.0734375 0.3625 0.0375 0.0375
0 0.55078125 0.7578125 0.0171875 0.05
0 0.4296875 0.7421875 0.05625 0.05625
0 0.50859375 0.7328125 0.1015625 0.11875
0 0.4296875 0.6234375 0.05625 0.05625
0 0.3484375 0.7140625 0.078125 0.08125
0 0.3265625 0.7203125 0.1 0.1
0 0.94375 0.8765625 0.1125 0.128125
0 0.9515625 0.7234375 0.090625 0.090625
0 0.953125 0.6765625 0.0765625 0.1859375
0 0.953125 0.68984375 0.075 0.2203125