0 0.2671875 0.0765625 0.046875 0.046875
0 0.196875 0.2828125 0.053125 0.053125
0 0.2875 0.1796875 0.053125 0.053125
0 0.234375 0.3171875 0.046875 0.046875
0 0.7734375 0.2125 0.071875 0.06875
0 0.7671875 0.38125 0.065625 0.065625
0 0.7765625 0.325 0.059375 0.059375
0 0.62109375 0.3015625 0.0421875 0.153125
0 0.7015625 0.1890625 0.121875 0.121875
0 0.8375 0.115625 0.03125 0.05625
0 0.8390625 0.103125 0.025 0.075
0 0.7796875 0.034375 0.0375 0.0375
0 0.7796875 0.053125 0.075 0.075
0 0.63046875 0.284375 0.0609375 0.10625
0 0.7734375 0.35 0.115625 0.115625
0 0.9203125 0.08125 0.1046875 0.1125
0 0.965625 0.3875 0.046875 0.046875
0 0.4078125 0.9859375 0.025 0.025
0 0.3421875 0.99453125 0.034375 0.0109375
0 0.446875 0.74375 0.03125 0.028125
0 0.7171875 0.971875 0.134375 0.05625