0 0.075 0.0921875 0.15 0.184375
0 0.3796875 0.0546875 0.034375 0.084375
0 0.3796875 0.0578125 0.0375 0.0375
0 0.93046875 0.39609375 0.1390625 0.1265625
0 0.8 0.3796875 0.05 0.05
0 0.821875 0.196875 0.05625 0.05625
0 0.8671875 0.38125 0.053125 0.053125
0 0.97890625 0.421875 0.0421875 0.075
0 0.5109375 0.96953125 0.125 0.0609375
0 0.5796875 0.8875 0.06875 0.071875
0 0.8546875 0.840625 0.14375 0.14375
0 0.8453125 0.97890625 0.071875 0.0421875
0 0.8859375 0.6109375 0.065625 0.2125
0 0.88359375 0.4859375 0.0734375 0.053125
0 0.88515625 0.48125 0.0765625 0.04375