0 0.2125 0.36875 0.046875 0.053125
0 0.728125 0.3203125 0.0875 0.184375
0 0.6296875 0.4078125 0.059375 0.059375
0 0.734375 0.121875 0.0375 0.053125
0 0.078125 0.659375 0.15625 0.175
0 0.1609375 0.7359375 0.06875 0.06875
0 0.28125 0.99453125 0.028125 0.0109375
0 0.9796875 0.6890625 0.040625 0.146875
0 0.9609375 0.5140625 0.04375 0.08125
0 0.58125 0.96484375 0.075 0.0703125
0 0.5625 0.621875 0.13125 0.13125
0 0.5609375 0.775 0.0734375 0.1109375
0 0.98125 0.59921875 0.0375 0.0515625
0 0.5625 0.821875 0.0765625 0.1859375
0 0.9828125 0.8265625 0.0328125 0.0734375
0 0.98359375 0.88203125 0.0328125 0.1796875
0 0.5625 0.84921875 0.075 0.3015625