0 0.13671875 0.121875 0.1265625 0.24375
0 0.159375 0.06171875 0.18125 0.1234375
0 0.3109375 0.6234375 0.01875 0.025
0 0.2515625 0.465625 0.040625 0.040625
0 0.0140625 0.4875 0.028125 0.028125
0 0.1453125 0.40625 0.021875 0.0234375
0 0.3578125 0.61875 0.075 0.0359375
0 0.2234375 0.703125 0.025 0.028125
0 0.0453125 0.8 0.0421875 0.0421875
0 0.828125 0.6484375 0.0296875 0.0515625
0 0.6125 0.60859375 0.025 0.0390625
0 0.83125 0.7609375 0.0234375 0.0453125
0 0.7375 0.9796875 0.05 0.040625
0 0.7109375 0.5859375 0.04375 0.0390625
0 0.85 0.6140625 0.0171875 0.0359375
0 0.990625 0.5890625 0.01875 0.053125