0 0.690625 0.0625 0.0515625 0.0609375
0 0.440625 0.878125 0.03125 0.03125
0 0.346875 0.8390625 0.0390625 0.0390625
0 0.321875 0.4046875 0.0421875 0.0390625
0 0.109375 0.8921875 0.01875 0.071875
0 0.01171875 0.70859375 0.0234375 0.0296875
0 0.059375 0.6890625 0.0421875 0.03125
0 0.0078125 0.61875 0.015625 0.040625
0 0.88125 0.396875 0.0984375 0.05
0 0.7578125 0.4796875 0.0328125 0.0328125
0 0.99453125 0.5046875 0.0109375 0.03125
0 0.9390625 0.4703125 0.121875 0.075
0 0.9578125 0.3953125 0.0265625 0.05