0 0.56875 0.3328125 0.15 0.15625
0 0.10625 0.1734375 0.071875 0.071875
0 0.5953125 0.1390625 0.0625 0.059375
0 0.828125 0.2515625 0.065625 0.065625
0 0.98671875 0.2171875 0.0265625 0.059375
0 0.940625 0.115625 0.053125 0.053125
0 0.834375 0.0953125 0.028125 0.028125
0 0.0625 0.8234375 0.125 0.353125
0 0.1203125 0.88984375 0.11875 0.2203125
0 0.1421875 0.94921875 0.184375 0.1015625
0 0.8 0.6515625 0.0375 0.0375
0 0.98125 0.8421875 0.03125 0.03125
0 0.9734375 0.49375 0.03125 0.028125
0 0.9578125 0.590625 0.084375 0.121875