0 0.509375 0.29375 0.034375 0.034375
0 0.478125 0.159375 0.1625 0.1625
0 0.296875 0.1671875 0.028125 0.03125
0 0.971875 0.153125 0.0546875 0.0515625
0 0.6140625 0.1 0.090625 0.0953125
0 0.809375 0.084375 0.0265625 0.0859375
0 0.8421875 0.046875 0.025 0.0421875
0 0.25625 0.878125 0.0546875 0.0546875
0 0.0125 0.9 0.0234375 0.0328125
0 0.396875 0.5359375 0.03125 0.03125
0 0.6921875 0.91171875 0.10625 0.1765625
0 0.8359375 0.8375 0.071875 0.1
0 0.728125 0.6875 0.053125 0.05
0 0.690625 0.7859375 0.0625 0.0640625