0 0.05234375 0.08203125 0.1046875 0.1640625
0 0.09296875 0.10859375 0.1078125 0.2171875
0 0.1046875 0.1140625 0.084375 0.084375
0 0.359375 0.4234375 0.05 0.046875
0 0.359375 0.3265625 0.0375 0.0375
0 0.4078125 0.6875 0.065625 0.065625
0 0.3609375 0.415625 0.034375 0.04375
0 0.3578125 0.4875 0.028125 0.04375
0 0.221875 0.390625 0.05625 0.08125
0 0.2109375 0.6234375 0.0953125 0.0953125
0 0.15625 0.753125 0.0734375 0.0359375
0 0.1859375 0.603125 0.0828125 0.08125
0 0.178125 0.765625 0.0390625 0.0125
0 0.8953125 0.8890625 0.021875 0.021875
0 0.9875 0.7125 0.025 0.0375