0 0.2796875 0.0890625 0.096875 0.096875
0 0.37734375 0.03125 0.0234375 0.0625
0 0.9 0.4828125 0.05 0.05
0 0.7796875 0.1078125 0.04375 0.04375
0 0.98828125 0.4828125 0.0234375 0.0375
0 0.6359375 0.434375 0.06875 0.065625
0 0.6859375 0.071875 0.078125 0.078125
0 0.9078125 0.48125 0.046875 0.0375
0 0.8359375 0.484375 0.034375 0.034375
0 0.4484375 0.02890625 0.075 0.0578125
0 0.9328125 0.6125 0.078125 0.034375
0 0.69921875 0.60625 0.0953125 0.046875
0 0.3046875 0.671875 0.059375 0.059375
0 0.234375 0.63515625 0.046875 0.0109375
0 0.903125 0.865625 0.040625 0.0375
0 0.6515625 0.784375 0.1375 0.1375
0 0.590625 0.91875 0.1375 0.134375
0 0.7890625 0.8125 0.084375 0.05