0 0.3234375 0.0703125 0.059375 0.05625
0 0.78828125 0.09453125 0.3171875 0.1890625
0 0.6984375 0.14765625 0.1375 0.1421875
0 0.7125 0.1765625 0.165625 0.084375
0 0.7265625 0.15625 0.13125 0.125
0 0.7515625 0.1 0.11875 0.1125
0 0.7796875 0.0375 0.090625 0.075
0 0.03125 0.99296875 0.0625 0.0140625
0 0.3390625 0.5828125 0.165625 0.203125
0 0.303125 0.7453125 0.05 0.05
0 0.1203125 0.7234375 0.05625 0.059375
0 0.4 0.6421875 0.046875 0.046875
0 0.10625 0.98203125 0.075 0.0359375
0 0.3046875 0.678125 0.059375 0.05625
0 0.3640625 0.53125 0.109375 0.109375
0 0.103125 0.98671875 0.0875 0.0265625
0 0.54375 0.9 0.0421875 0.0421875
0 0.04296875 0.33046875 0.0859375 0.0859375
0 0.453125 0.3453125 0.0703125 0.0828125
0 0.515625 0.2703125 0.0625 0.0625
0 0.9734375 0.596875 0.053125 0.084375
0 0.921875 0.6296875 0.15625 0.16875
0 0.8578125 0.640625 0.071875 0.08125
0 0.71875 0.275 0.028125 0.03125