0 0.3203125 0.090625 0.034375 0.04375
0 0.85 0.0328125 0.125 0.065625
0 0.6203125 0.1421875 0.034375 0.034375
0 0.365625 0.0296875 0.0515625 0.0421875
0 0.74375 0.00859375 0.03125 0.0171875
0 0.90078125 0.025 0.0609375 0.05
0 0.35 0.025 0.0671875 0.040625
0 0.24140625 0.953125 0.0359375 0.078125
0 0.075 0.834375 0.059375 0.059375
0 0.4390625 0.45 0.059375 0.059375
0 0.5953125 0.6734375 0.046875 0.046875
0 0.9265625 0.5 0.03125 0.03125
0 0.828125 0.9734375 0.05 0.0265625
0 0.815625 0.971875 0.03125 0.0265625
0 0.7140625 0.5046875 0.04375 0.034375