0 0.5015625 0.52109375 0.04375 0.0578125
0 0.5 0.53828125 0.034375 0.0234375
0 0.00703125 0.9078125 0.0140625 0.04375
0 0.2109375 0.815625 0.09375 0.0421875
0 0.42421875 0.57109375 0.0546875 0.0421875
0 0.1125 0.7734375 0.0390625 0.0453125
0 0.275 0.784375 0.040625 0.109375
0 0.065625 0.8234375 0.0625 0.046875
0 0.1203125 0.8984375 0.0734375 0.0359375
0 0.2609375 0.821875 0.0484375 0.0453125
0 0.1953125 0.7046875 0.053125 0.0703125
0 0.2 0.675 0.059375 0.146875
0 0.2046875 0.625 0.0546875 0.05
0 0.47578125 0.57265625 0.0328125 0.0453125
0 0.590625 0.89375 0.084375 0.053125
0 0.86875 0.5671875 0.0375 0.034375
0 0.6984375 0.8125 0.0375 0.034375
0 0.87890625 0.99296875 0.0328125 0.0140625
0 0.871875 0.653125 0.0296875 0.034375
0 0.8734375 0.7515625 0.040625 0.184375