0 0.434375 0.2828125 0.078125 0.078125
0 0.503125 0.15 0.13125 0.175
0 0.8515625 0.140625 0.1 0.1
0 0.86171875 0.4921875 0.0859375 0.09375
0 0.8140625 0.025 0.0296875 0.046875
0 0.73984375 0.01640625 0.0359375 0.0328125
0 0.2875 0.6921875 0.021875 0.021875
0 0.4453125 0.7515625 0.040625 0.040625
0 0.4234375 0.9875 0.028125 0.025
0 0.5046875 0.8578125 0.025 0.021875
0 0.5546875 0.71953125 0.028125 0.0515625
0 0.2921875 0.6453125 0.0359375 0.075
0 0.2078125 0.7796875 0.028125 0.025
0 0.1109375 0.9578125 0.0421875 0.0421875
0 0.9640625 0.8734375 0.03125 0.03125
0 0.7484375 0.9140625 0.046875 0.046875
0 0.97890625 0.55859375 0.0421875 0.0390625
0 0.80234375 0.55390625 0.1171875 0.0296875
0 0.8328125 0.6609375 0.034375 0.034375