0 0.0953125 0.171875 0.103125 0.1
0 0.6796875 0.5171875 0.11875 0.11875
0 0.7390625 0.4265625 0.071875 0.071875
0 0.609375 0.525 0.109375 0.10625
0 0.4546875 0.33203125 0.03125 0.0390625
0 0.7953125 0.44375 0.059375 0.078125
0 0.7921875 0.5359375 0.065625 0.071875
0 0.63984375 0.54765625 0.0640625 0.0640625
0 0.63125 0.4140625 0.0859375 0.0859375
0 0.6125 0.3953125 0.1453125 0.1625
0 0.58125 0.353125 0.078125 0.078125
0 0.946875 0.4390625 0.0640625 0.0640625
0 0.67265625 0.0671875 0.2234375 0.134375
0 0.496875 0.028125 0.078125 0.05625
0 0.9625 0.02265625 0.075 0.0453125
0 0.62890625 0.59921875 0.0453125 0.0390625