0 0.40859375 0.0125 0.0203125 0.025
0 0.7796875 0.271875 0.05 0.05
0 0.6703125 0.615625 0.0375 0.04375
0 0.4453125 0.453125 0.053125 0.09375
0 0.946875 0.4359375 0.0375 0.0375
0 0.7359375 0.3859375 0.075 0.075
0 0.73125 0.240625 0.0484375 0.04375
0 0.7234375 0.3109375 0.0265625 0.025
0 0.93515625 0.0109375 0.0453125 0.021875
0 0.6375 0.5328125 0.0859375 0.0359375
0 0.471875 0.6828125 0.0609375 0.0515625
0 0.546875 0.596875 0.05625 0.0546875
0 0.03203125 0.84296875 0.0640625 0.0703125
0 0.5296875 0.9625 0.040625 0.040625
0 0.69375 0.8140625 0.209375 0.06875
0 0.64375 0.8046875 0.08125 0.08125
0 0.51875 0.8015625 0.065625 0.06875
0 0.84375 0.7671875 0.0484375 0.04375