0 0.309375 0.5109375 0.109375 0.109375
0 0.2984375 0.325 0.134375 0.134375
0 0.396875 0.4125 0.0375 0.075
0 0.2921875 0.1265625 0.046875 0.046875
0 0.9625 0.15625 0.065625 0.065625
0 0.396875 0.62890625 0.025 0.0203125
0 0.13125 0.8453125 0.025 0.025
0 0.5359375 0.8796875 0.025 0.028125
0 0.4890625 0.70625 0.0234375 0.01875
0 0.053125 0.73125 0.0203125 0.0171875
0 0.61484375 0.63125 0.0078125 0.01875
0 0.5828125 0.896875 0.025 0.0234375
0 0.2890625 0.775 0.08125 0.0546875
0 0.315625 0.821875 0.0234375 0.0203125
0 0.55 0.759375 0.0421875 0.028125
0 0.1171875 0.740625 0.015625 0.015625
0 0.00859375 0.7859375 0.0171875 0.021875
0 0.7984375 0.9 0.0609375 0.078125