0 0.378125 0.484375 0.0515625 0.0515625
0 0.384375 0.3421875 0.06875 0.06875
0 0.15625 0.103125 0.1046875 0.1078125
0 0.1046875 0.09375 0.209375 0.1796875
0 0.3421875 0.196875 0.06875 0.06875
0 0.2953125 0.1125 0.1 0.1
0 0.265625 0.1984375 0.059375 0.059375
0 0.0375 0.10625 0.0734375 0.1046875
0 0.4546875 0.3359375 0.028125 0.071875
0 0.4125 0.428125 0.084375 0.084375
0 0.303125 0.1875 0.1140625 0.0953125
0 0.453125 0.3875 0.03125 0.0484375
0 0.01875 0.4984375 0.0359375 0.04375
0 0.54375 0.35 0.1515625 0.171875
0 0.6484375 0.35625 0.06875 0.06875
0 0.79375 0.765625 0.0640625 0.0640625
0 0.9015625 0.8625 0.040625 0.040625