0 0.078125 0.2828125 0.05 0.05
0 0.084375 0.140625 0.06875 0.06875
0 0.0421875 0.01484375 0.06875 0.0296875
0 0.1546875 0.134375 0.03125 0.071875
0 0.1125 0.2265625 0.0875 0.0875
0 0.153125 0.1859375 0.040625 0.040625
0 0.24375 0.1484375 0.171875 0.171875
0 0.3484375 0.1546875 0.06875 0.06875
0 0.20625 0.6421875 0.14375 0.078125
0 0.35 0.6359375 0.06875 0.071875
0 0.259375 0.9078125 0.040625 0.103125
0 0.1890625 0.9234375 0.06875 0.08125
0 0.4640625 0.7 0.040625 0.040625
0 0.4390625 0.53984375 0.04375 0.0203125