0 0.221875 0.14375 0.053125 0.053125
0 0.3640625 0.15 0.071875 0.06875
0 0.5015625 0.1078125 0.05625 0.071875
0 0.503125 0.03125 0.053125 0.0625
0 0.3703125 0.2203125 0.053125 0.053125
0 0.278125 0.178125 0.0875 0.0875
0 0.49921875 0.06875 0.0609375 0.11875
0 0.31875 0.21875 0.05 0.03125
0 0.35625 0.29609375 0.171875 0.1453125
0 0.79375 0.01171875 0.034375 0.0234375
0 0.44375 0.6125 0.05 0.05
0 0.0390625 0.465625 0.034375 0.05625
0 0.1765625 0.8328125 0.040625 0.040625
0 0.959375 0.984375 0.078125 0.03125