0 0.01484375 0.3984375 0.0296875 0.05
0 0.503125 0.284375 0.0375 0.0375
0 0.634375 0.2296875 0.0390625 0.046875
0 0.9359375 0.3609375 0.065625 0.0921875
0 0.959375 0.41953125 0.08125 0.2109375
0 0.7859375 0.21875 0.0453125 0.046875
0 0.8796875 0.234375 0.0421875 0.109375
0 0.809375 0.290625 0.03125 0.0609375
0 0.96953125 0.490625 0.0609375 0.071875
0 0.6078125 0.140625 0.0515625 0.05625
0 0.54375 0.23125 0.046875 0.0640625
0 0.80625 0.2515625 0.040625 0.0921875
0 0.565625 0.171875 0.0375 0.028125
0 0.5921875 0.759375 0.021875 0.021875
0 0.7828125 0.8140625 0.0390625 0.028125