0 0.2390625 0.334375 0.10625 0.109375
0 0.1109375 0.390625 0.0875 0.078125
0 0.9515625 0.021875 0.03125 0.03125
0 0.5875 0.7765625 0.0625 0.0625
0 0.578125 0.6359375 0.03125 0.03125
0 0.334375 0.728125 0.03125 0.034375
0 0.48125 0.6609375 0.0375 0.0375
0 0.6109375 0.4453125 0.015625 0.028125
0 0.490625 0.6796875 0.0625 0.0625
0 0.5015625 0.7 0.021875 0.021875
0 0.503125 0.846875 0.025 0.01875
0 0.2890625 0.7015625 0.03125 0.0359375
0 0.253125 0.5921875 0.040625 0.1015625
0 0.0234375 0.4671875 0.046875 0.059375
0 0.7640625 0.6078125 0.1 0.1
0 0.8265625 0.7296875 0.06875 0.06875