0 0.084375 0.3421875 0.04375 0.04375
0 0.575 0.4765625 0.075 0.075
0 0.7078125 0.3203125 0.0984375 0.0515625
0 0.609375 0.1609375 0.2 0.246875
0 0.6953125 0.2828125 0.1 0.0234375
0 0.53671875 0.01796875 0.0546875 0.0359375
0 0.8734375 0.3671875 0.0609375 0.0609375
0 0.9484375 0.303125 0.0640625 0.015625
0 0.828125 0.4671875 0.075 0.0734375
0 0.8734375 0.1921875 0.028125 0.028125
0 0.8484375 0.2484375 0.0296875 0.0296875
0 0.0453125 0.7203125 0.053125 0.053125
0 0.015625 0.6859375 0.03125 0.084375
0 0.7734375 0.8375 0.0578125 0.0453125
0 0.575 0.8421875 0.0453125 0.05
0 0.9515625 0.8765625 0.034375 0.05