0 0.046875 0.290625 0.0765625 0.0765625
0 0.496875 0.4125 0.20625 0.1765625
0 0.4203125 0.3125 0.1140625 0.1140625
0 0.36875 0.0375 0.053125 0.053125
0 0.609375 0.315625 0.0203125 0.096875
0 0.68125 0.4125 0.0625 0.0625
0 0.4125 0.959375 0.1078125 0.08125
0 0.453125 0.5875 0.0625 0.0625
0 0.5421875 0.6453125 0.103125 0.103125
0 0.796875 0.709375 0.10625 0.10625
0 0.953125 0.55 0.075 0.075
0 0.7546875 0.765625 0.2140625 0.21875
0 0.725 0.803125 0.128125 0.128125
0 0.775 0.8640625 0.0703125 0.0703125