0 0.034375 0.3109375 0.040625 0.0375
0 0.0703125 0.7734375 0.09375 0.09375
0 0.2125 0.7390625 0.0625 0.096875
0 0.1625 0.7640625 0.053125 0.05625
0 0.1234375 0.8203125 0.0375 0.040625
0 0.38828125 0.88125 0.0421875 0.08125
0 0.2875 0.97578125 0.0375 0.0484375
0 0.0328125 0.42890625 0.065625 0.0390625
0 0.1375 0.42109375 0.1 0.0234375
0 0.09375 0.44296875 0.1875 0.0671875
0 0.025 0.6671875 0.04375 0.0421875
0 0.94609375 0.8578125 0.1078125 0.1875
0 0.7671875 0.98515625 0.053125 0.0296875
0 0.9515625 0.953125 0.059375 0.053125
0 0.978125 0.80625 0.04375 0.109375
0 0.6859375 0.60625 0.0953125 0.0859375