0 0.06640625 0.24375 0.1328125 0.178125
0 0.1421875 0.146875 0.0625 0.059375
0 0.2140625 0.24375 0.0625 0.0625
0 0.009375 0.41875 0.01875 0.065625
0 0.075 0.4765625 0.103125 0.103125
0 0.3296875 0.51328125 0.10625 0.0515625
0 0.48359375 0.38125 0.0703125 0.075
0 0.2875 0.5109375 0.225 0.05625
0 0.80625 0.475 0.075 0.05
0 0.978125 0.48125 0.04375 0.0625
0 0.52578125 0.4328125 0.0140625 0.0375
0 0.5984375 0.4046875 0.028125 0.03125
0 0.52421875 0.415625 0.0109375 0.071875
0 0.74375 0.40625 0.025 0.025
0 0.046875 0.609375 0.059375 0.059375
0 0.134375 0.60234375 0.175 0.1265625
0 0.090625 0.7484375 0.04375 0.046875
0 0.359375 0.721875 0.13125 0.13125
0 0.4265625 0.60625 0.184375 0.134375
0 0.06875 0.771875 0.0703125 0.0703125
0 0.29140625 0.56015625 0.0828125 0.0421875
0 0.490625 0.7234375 0.05625 0.146875
0 0.0640625 0.696875 0.0421875 0.0390625
0 0.2375 0.7875 0.05 0.0484375
0 0.540625 0.5578125 0.04375 0.0375
0 0.8328125 0.97109375 0.14375 0.0578125
0 0.56875 0.7203125 0.0375 0.0375