0 0.334375 0.31328125 0.096875 0.0921875
0 0.1921875 0.334375 0.08125 0.05
0 0.2421875 0.325 0.05 0.053125
0 0.28125 0.26875 0.040625 0.04375
0 0.065625 0.0234375 0.09375 0.046875
0 0.01875 0.2078125 0.0375 0.08125
0 0.1171875 0.10625 0.0375 0.0625
0 0.990625 0.2359375 0.01875 0.034375
0 0.815625 0.225 0.0375 0.0375
0 0.6859375 0.16875 0.025 0.025
0 0.8265625 0.159375 0.084375 0.0375
0 0.9078125 0.11875 0.040625 0.034375
0 0.415625 0.8578125 0.028125 0.125
0 0.415625 0.7078125 0.028125 0.075
0 0.41171875 0.6140625 0.0359375 0.046875
0 0.965625 0.5859375 0.06875 0.096875
0 0.5171875 0.8109375 0.09375 0.09375
0 0.5171875 0.7953125 0.05 0.05