0 0.159375 0.41875 0.0921875 0.0921875
0 0.3015625 0.453125 0.05625 0.0921875
0 0.2515625 0.428125 0.0515625 0.0515625
0 0.05625 0.371875 0.0265625 0.0265625
0 0.2125 0.371875 0.0375 0.040625
0 0.428125 0.084375 0.0921875 0.1328125
0 0.55625 0.1953125 0.1328125 0.1328125
0 0.9875 0.46875 0.025 0.0609375
0 0.54375 0.359375 0.0734375 0.1
0 0.496875 0.3109375 0.078125 0.078125
0 0.3765625 0.209375 0.0359375 0.0609375
0 0.115625 0.784375 0.078125 0.08125
0 0.175 0.859375 0.0734375 0.0703125
0 0.24375 0.96875 0.0578125 0.053125
0 0.203125 0.828125 0.1453125 0.146875
0 0.2265625 0.809375 0.1 0.1
0 0.178125 0.809375 0.1984375 0.1890625
0 0.1140625 0.525 0.04375 0.0421875
0 0.496875 0.9421875 0.04375 0.04375
0 0.909375 0.7953125 0.0359375 0.034375