0 0.559375 0.2390625 0.046875 0.046875
0 0.765625 0.16875 0.059375 0.05625
0 0.6625 0.25546875 0.05625 0.0484375
0 0.8 0.20625 0.046875 0.046875
0 0.159375 0.2984375 0.08125 0.0375
0 0.23125 0.3625 0.103125 0.103125
0 0.2875 0.3640625 0.059375 0.05625
0 0.01796875 0.66875 0.0359375 0.065625
0 0.30625 0.915625 0.04375 0.04375
0 0.43828125 0.546875 0.0390625 0.08125
0 0.47734375 0.8171875 0.1171875 0.075
0 0.6953125 0.7578125 0.053125 0.05625
0 0.4984375 0.83125 0.090625 0.046875
0 0.6296875 0.7671875 0.05 0.05
0 0.8015625 0.4078125 0.125 0.140625
0 0.75625 0.7859375 0.028125 0.046875
0 0.7703125 0.7546875 0.0578125 0.0765625
0 0.8296875 0.6453125 0.0859375 0.0953125