0 0.41875 0.31875 0.021875 0.021875
0 0.609375 0.0828125 0.165625 0.165625
0 0.525 0.01171875 0.1 0.0234375
0 0.6625 0.19375 0.09375 0.09375
0 0.68125 0.2890625 0.071875 0.071875
0 0.890625 0.5078125 0.125 0.04375
0 0.3875 0.9234375 0.065625 0.065625
0 0.278125 0.621875 0.0625 0.059375
0 0.45859375 0.9515625 0.0203125 0.078125
0 0.278125 0.8421875 0.10625 0.10625
0 0.771875 0.56796875 0.190625 0.0765625
0 0.83125 0.684375 0.071875 0.06875
0 0.8796875 0.74375 0.065625 0.05
0 0.9234375 0.73125 0.078125 0.028125