0 0.5625 0.028125 0.053125 0.0546875
0 0.303125 0.071875 0.08125 0.0796875
0 0.46484375 0.021875 0.0890625 0.04375
0 0.796875 0.065625 0.190625 0.13125
0 0.7609375 0.059375 0.121875 0.11875
0 0.690625 0.15625 0.1046875 0.1046875
0 0.58125 0.98125 0.0359375 0.0359375
0 0.365625 0.2421875 0.071875 0.065625
0 0.125 0.3859375 0.0796875 0.0765625
0 0.1671875 0.253125 0.0828125 0.0828125
0 0.9625 0.784375 0.075 0.0890625
0 0.7421875 0.75625 0.0859375 0.0828125
0 0.8515625 0.228125 0.059375 0.0390625
0 0.721875 0.5328125 0.034375 0.034375