0 0.2734375 0.2359375 0.040625 0.040625
0 0.1203125 0.0578125 0.0375 0.0375
0 0.2546875 0.0234375 0.034375 0.034375
0 0.0296875 0.0890625 0.059375 0.065625
0 0.484375 0.4015625 0.04375 0.04375
0 0.43125 0.2265625 0.03125 0.028125
0 0.36640625 0.3171875 0.0140625 0.06875
0 0.8421875 0.0578125 0.0375 0.0375
0 0.021875 0.6484375 0.04375 0.059375
0 0.934375 0.571875 0.065625 0.065625
0 0.978125 0.9796875 0.04375 0.040625
0 0.9203125 0.7 0.04375 0.021875
0 0.5859375 0.675 0.028125 0.028125
0 0.8828125 0.65625 0.0375 0.0375
0 0.4046875 0.990625 0.04375 0.01875