0 0.56015625 0.2484375 0.0984375 0.103125
0 0.48125 0.4828125 0.05625 0.05625
0 0.4875 0.2109375 0.04375 0.04375
0 0.3109375 0.0765625 0.0625 0.0625
0 0.009375 0.49609375 0.01875 0.0671875
0 0.97890625 0.51796875 0.0421875 0.0421875
0 0.7796875 0.3203125 0.0375 0.0375
0 0.1328125 0.62109375 0.1875 0.1640625
0 0.303125 0.96484375 0.13125 0.0703125
0 0.0359375 0.6671875 0.071875 0.075
0 0.7265625 0.825 0.190625 0.190625
0 0.803125 0.925 0.115625 0.11875
0 0.62734375 0.921875 0.0359375 0.0625
0 0.7703125 0.65 0.0625 0.0625
0 0.68125 0.5921875 0.103125 0.103125