0 0.1953125 0.134375 0.1375 0.065625
0 0.0453125 0.5890625 0.053125 0.053125
0 0.0796875 0.171875 0.040625 0.0375
0 0.028125 0.5203125 0.04375 0.04375
0 0.065625 0.2453125 0.04375 0.034375
0 0.6703125 0.0921875 0.046875 0.0375
0 0.515625 0.1046875 0.04375 0.015625
0 0.5859375 0.0734375 0.046875 0.046875
0 0.8921875 0.63203125 0.04375 0.0140625
0 0.9640625 0.4796875 0.04375 0.053125
0 0.99140625 0.5140625 0.0171875 0.075
0 0.6875 0.2453125 0.03125 0.05
0 0.43046875 0.6953125 0.0390625 0.0625
0 0.5890625 0.8703125 0.190625 0.078125
0 0.87421875 0.8625 0.2515625 0.109375
0 0.503125 0.728125 0.0875 0.0875
0 0.46796875 0.875 0.0359375 0.0625
0 0.8390625 0.6921875 0.103125 0.0265625