0 0.2921875 0.23125 0.040625 0.053125
0 0.603125 0.29765625 0.053125 0.2234375
0 0.04375 0.253125 0.0875 0.090625
0 0.9125 0.38984375 0.0625 0.0390625
0 0.6953125 0.4 0.03125 0.01875
0 0.5796875 0.6203125 0.071875 0.071875
0 0.2171875 0.8171875 0.06875 0.040625
0 0.01015625 0.9140625 0.0203125 0.034375
0 0.390625 0.8875 0.021875 0.01875
0 0.2265625 0.66875 0.034375 0.025
0 0.2921875 0.609375 0.028125 0.025
0 0.4328125 0.5984375 0.05 0.034375
0 0.846875 0.646875 0.0375 0.0375
0 0.95625 0.7421875 0.046875 0.04375
0 0.81875 0.846875 0.08125 0.08125
0 0.96875 0.5140625 0.028125 0.028125
0 0.70625 0.50625 0.0421875 0.059375
0 0.66015625 0.440625 0.0609375 0.0625
0 0.6484375 0.44140625 0.0375 0.0546875
0 0.68125 0.490625 0.0453125 0.0359375