0 0.6734375 0.275 0.134375 0.05625
0 0.959375 0.3890625 0.0796875 0.0734375
0 0.325 0.5984375 0.0484375 0.0375
0 0.95625 0.575 0.0421875 0.0421875
0 0.7359375 0.8359375 0.05625 0.040625
0 0.8234375 0.7296875 0.05625 0.0515625
0 0.190625 0.2640625 0.35625 0.0859375
0 0.8890625 0.653125 0.0359375 0.0390625
0 0.9734375 0.7640625 0.0515625 0.059375
0 0.7890625 0.3125 0.046875 0.0296875
0 0.840625 0.6609375 0.0421875 0.040625
0 0.803125 0.3859375 0.04375 0.0359375
0 0.303125 0.8484375 0.13125 0.0421875