0 0.265625 0.0515625 0.1 0.1
0 0.1328125 0.2171875 0.265625 0.39375
0 0.4375 0.540625 0.04375 0.04375
0 0.71875 0.2 0.04375 0.04375
0 0.5625 0.346875 0.034375 0.034375
0 0.640625 0.353125 0.053125 0.053125
0 0.740625 0.3703125 0.0828125 0.0828125
0 0.94296875 0.0375 0.1109375 0.075
0 0.74375 0.153125 0.05 0.0484375
0 0.5359375 0.184375 0.1765625 0.165625
0 0.81875 0.08125 0.1078125 0.1
0 0.915625 0.1484375 0.1015625 0.1
0 0.64375 0.453125 0.04375 0.04375
0 0.9 0.146875 0.071875 0.0703125
0 0.7328125 0.284375 0.065625 0.0640625
0 0.6453125 0.44375 0.06875 0.06875
0 0.6953125 0.578125 0.034375 0.034375
0 0.915625 0.084375 0.0515625 0.05
0 0.3578125 0.546875 0.015625 0.0265625
0 0.6515625 0.1359375 0.053125 0.053125
0 0.715625 0.2953125 0.11875 0.10625