0 0.2046875 0.4 0.1125 0.1
0 0.02109375 0.225 0.0421875 0.125
0 0.28828125 0.4703125 0.1828125 0.159375
0 0.03515625 0.15 0.0703125 0.046875
0 0.8765625 0.50078125 0.1125 0.0984375
0 0.7859375 0.4484375 0.075 0.075
0 0.884375 0.540625 0.115625 0.01875
0 0.803125 0.3921875 0.078125 0.0625
0 0.8953125 0.3953125 0.071875 0.065625
0 0.9078125 0.53203125 0.065625 0.0359375
0 0.7734375 0.53046875 0.090625 0.0390625
0 0.7546875 0.525 0.16875 0.05
0 0.7984375 0.240625 0.0640625 0.0640625
0 0.76796875 0.03515625 0.1171875 0.0703125
0 0.71171875 0.03046875 0.0640625 0.0609375
0 0.43671875 0.47578125 0.1140625 0.1484375
0 0.4578125 0.078125 0.0640625 0.0640625
0 0.3921875 0.2125 0.025 0.1
0 0.7515625 0.759375 0.0625 0.0625
0 0.6453125 0.659375 0.06875 0.065625
0 0.56875 0.5734375 0.190625 0.046875
0 0.6078125 0.653125 0.153125 0.134375
0 0.5265625 0.55859375 0.078125 0.0171875