0 0.059375 0.1796875 0.06875 0.0625
0 0.3625 0.01640625 0.09375 0.0328125
0 0.471875 0.6453125 0.04375 0.04375
0 0.190625 0.98203125 0.04375 0.0359375
0 0.346875 0.8390625 0.034375 0.034375
0 0.26875 0.8328125 0.053125 0.053125
0 0.16875 0.815625 0.0828125 0.0828125
0 0.37265625 0.959375 0.1765625 0.08125
0 0.265625 0.7328125 0.04375 0.04375
0 0.1765625 0.9015625 0.065625 0.0640625
0 0.2640625 0.7421875 0.06875 0.06875
0 0.2140625 0.6078125 0.034375 0.034375
0 0.5515625 0.6390625 0.015625 0.0265625
0 0.19375 0.890625 0.11875 0.10625