0 0.065625 0.2921875 0.0375 0.034375
0 0.5953125 0.2796875 0.090625 0.196875
0 0.7265625 0.2203125 0.075 0.075
0 0.7859375 0.171875 0.05625 0.05625
0 0.7734375 0.128125 0.05625 0.053125
0 0.12265625 0.60234375 0.0421875 0.0265625
0 0.5375 0.88671875 0.025 0.1140625
0 0.4796875 0.9171875 0.0578125 0.05625
0 0.3328125 0.678125 0.053125 0.0390625
0 0.60546875 0.6625 0.1109375 0.075
0 0.81875 0.61015625 0.053125 0.0421875
0 0.621875 0.6765625 0.065625 0.065625
0 0.753125 0.61328125 0.05 0.0484375
0 0.8796875 0.63125 0.028125 0.046875
0 0.89296875 0.61328125 0.0578125 0.0484375