0 0.446875 0.3421875 0.078125 0.0515625
0 0.8359375 0.6953125 0.0296875 0.0328125
0 0.84375 0.2546875 0.05625 0.0546875
0 0.75 0.5375 0.1 0.04375
0 0.225 0.4390625 0.071875 0.040625
0 0.4328125 0.278125 0.0609375 0.0296875
0 0.1203125 0.80625 0.053125 0.0578125
0 0.503125 0.5671875 0.028125 0.0296875
0 0.7359375 0.3515625 0.0359375 0.0796875
0 0.403125 0.7484375 0.0671875 0.0609375
0 0.7375 0.221875 0.06875 0.059375
0 0.009375 0.7171875 0.01875 0.0359375
0 0.2640625 0.275 0.0328125 0.0234375
0 0.875 0.3625 0.034375 0.0296875
0 0.1609375 0.896875 0.04375 0.0171875
0 0.2828125 0.5765625 0.0671875 0.059375
0 0.2046875 0.3140625 0.0265625 0.028125
0 0.896875 0.3390625 0.0828125 0.0703125
0 0.7171875 0.240625 0.0296875 0.0296875
0 0.14375 0.453125 0.0375 0.03125