0 0.1671875 0.446875 0.053125 0.053125
0 0.496875 0.4765625 0.05625 0.046875
0 0.4828125 0.084375 0.071875 0.071875
0 0.4109375 0.4375 0.075 0.0625
0 0.959375 0.434375 0.046875 0.046875
0 0.121875 0.88125 0.06875 0.06875
0 0.1859375 0.5421875 0.096875 0.084375
0 0.1953125 0.7796875 0.090625 0.090625
0 0.271875 0.609375 0.103125 0.103125
0 0.246875 0.61875 0.215625 0.215625
0 0.34375 0.90625 0.065625 0.065625
0 0.590625 0.5203125 0.021875 0.034375
0 0.6578125 0.9625 0.03125 0.03125
0 0.7359375 0.8625 0.03125 0.03125