0 0.4546875 0.1953125 0.028125 0.109375
0 0.8203125 0.0890625 0.021875 0.025
0 0.7640625 0.0703125 0.08125 0.10625
0 0.5875 0.3734375 0.053125 0.0671875
0 0.54140625 0.35625 0.1453125 0.10625
0 0.4421875 0.9953125 0.04375 0.009375
0 0.4046875 0.8921875 0.05 0.053125
0 0.30625 0.625 0.128125 0.09375
0 0.4140625 0.5625 0.0640625 0.0625
0 0.978125 0.96015625 0.04375 0.0796875
0 0.9015625 0.9 0.034375 0.05625
0 0.58046875 0.9640625 0.0703125 0.071875
0 0.6046875 0.5125 0.0765625 0.0796875
0 0.628125 0.69375 0.059375 0.05