0 0.040625 0.1296875 0.08125 0.1375
0 0.5234375 0.1015625 0.13125 0.04375
0 0.2421875 0.11875 0.171875 0.075
0 0.059375 0.15625 0.065625 0.034375
0 0.8109375 0.0828125 0.1 0.05
0 0.9421875 0.259375 0.04375 0.04375
0 0.96875 0.4859375 0.059375 0.059375
0 0.84375 0.4140625 0.0328125 0.0328125
0 0.940625 0.4890625 0.1 0.0640625
0 0.88515625 0.6171875 0.0796875 0.025
0 0.290625 0.878125 0.028125 0.03125
0 0.3109375 0.8046875 0.0234375 0.025
0 0.315625 0.9125 0.04375 0.0390625
0 0.7453125 0.909375 0.046875 0.046875
0 0.75 0.8390625 0.040625 0.040625
0 0.6015625 0.9515625 0.025 0.05