0 0.9421875 0.4375 0.053125 0.078125
0 0.8453125 0.215625 0.040625 0.071875
0 0.9953125 0.42265625 0.009375 0.0609375
0 0.7171875 0.49375 0.0296875 0.028125
0 0.55234375 0.39296875 0.0265625 0.0671875
0 0.56640625 0.0046875 0.0359375 0.009375
0 0.7078125 0.2734375 0.059375 0.0671875
0 0.9703125 0.1953125 0.028125 0.0265625
0 0.83125 0.134375 0.03125 0.0375
0 0.3984375 0.8 0.0859375 0.115625
0 0.140625 0.9 0.0640625 0.0625
0 0.4203125 0.7625 0.05625 0.0546875
0 0.3921875 0.8171875 0.0515625 0.0640625
0 0.5796875 0.57578125 0.08125 0.0734375