0 0.1 0.2015625 0.09375 0.09375
0 0.1671875 0.3078125 0.078125 0.046875
0 0.4125 0.3203125 0.05 0.01875
0 0.403125 0.2015625 0.065625 0.065625
0 0.034375 0.1171875 0.03125 0.03125
0 0.2578125 0.3484375 0.053125 0.040625
0 0.234375 0.3515625 0.128125 0.04375
0 0.8484375 0.0828125 0.040625 0.040625
0 0.7984375 0.0359375 0.05 0.05
0 0.79609375 0.30234375 0.4078125 0.4328125
0 0.90859375 0.3265625 0.1828125 0.340625
0 0.9515625 0.32421875 0.096875 0.2984375
0 0.01953125 0.56484375 0.0390625 0.0765625
0 0.3578125 0.53125 0.0625 0.025
0 0.3203125 0.803125 0.140625 0.140625
0 0.1234375 0.5609375 0.090625 0.084375
0 0.01328125 0.62109375 0.0265625 0.0640625
0 0.0609375 0.596875 0.034375 0.034375
0 0.2984375 0.578125 0.08125 0.08125
0 0.3953125 0.63125 0.075 0.075
0 0.9015625 0.87890625 0.196875 0.2328125
0 0.81875 0.646875 0.109375 0.109375
0 0.8078125 0.984375 0.15625 0.03125
0 0.54375 0.6875 0.109375 0.096875
0 0.6578125 0.6078125 0.1625 0.1625