0 0.303125 0.425 0.040625 0.0265625
0 0.34375 0.23125 0.034375 0.034375
0 0.846875 0.2328125 0.0234375 0.0234375
0 0.89375 0.0140625 0.0578125 0.028125
0 0.865625 0.2890625 0.10625 0.08125
0 0.496875 0.125 0.0796875 0.0796875
0 0.30625 0.753125 0.053125 0.053125
0 0.1125 0.884375 0.05 0.05
0 0.234375 0.953125 0.0453125 0.0453125
0 0.1421875 0.98671875 0.09375 0.0265625
0 0.034375 0.8296875 0.0671875 0.075
0 0.5625 0.465625 0.0671875 0.053125
0 0.89375 0.675 0.0375 0.0375
0 0.475 0.809375 0.0484375 0.046875
0 0.48125 0.74375 0.1265625 0.2734375
0 0.525 0.5453125 0.2140625 0.2125