0 0.2171875 0.1171875 0.04375 0.028125
0 0.2578125 0.3109375 0.0375 0.0375
0 0.403125 0.39609375 0.071875 0.0453125
0 0.38359375 0.05390625 0.1109375 0.1078125
0 0.48359375 0.01015625 0.0890625 0.0203125
0 0.515625 0.3515625 0.0625 0.0625
0 0.6046875 0.29375 0.109375 0.109375
0 0.859375 0.2296875 0.109375 0.109375
0 0.98828125 0.384375 0.0234375 0.06875
0 0.8171875 0.1734375 0.221875 0.225
0 0.7875 0.1359375 0.13125 0.13125
0 0.8375 0.075 0.06875 0.071875
0 0.36875 0.48125 0.04375 0.04375
0 0.346875 0.528125 0.04375 0.04375
0 0.35625 0.503125 0.09375 0.096875
0 0.553125 0.609375 0.025 0.025
0 0.6828125 0.8484375 0.025 0.021875