0 0.021875 0.4625 0.0375 0.0375
0 0.071875 0.5046875 0.121875 0.028125
0 0.140625 0.378125 0.028125 0.025
0 0.1359375 0.3453125 0.04375 0.04375
0 0.0875 0.403125 0.03125 0.028125
0 0.28125 0.434375 0.0375 0.0375
0 0.4703125 0.3984375 0.059375 0.059375
0 0.97890625 0.375 0.0421875 0.05
0 0.9359375 0.3953125 0.06875 0.06875
0 0.8171875 0.3953125 0.05625 0.059375
0 0.3796875 0.0703125 0.021875 0.046875
0 0.8359375 0.05625 0.090625 0.090625
0 0.825 0.1953125 0.10625 0.10625
0 0.871875 0.1 0.053125 0.05625
0 0.1109375 0.79375 0.075 0.075
0 0.68125 0.7390625 0.06875 0.00625
0 0.95625 0.7109375 0.0375 0.0375
0 0.9578125 0.6328125 0.065625 0.065625
0 0.459375 0.65 0.05 0.05
0 0.7875 0.6734375 0.040625 0.04375