0 0.1171875 0.5359375 0.0390625 0.0359375
0 0.1671875 0.4578125 0.115625 0.09375
0 0.6875 0.146875 0.0296875 0.0328125
0 0.2359375 0.6203125 0.0296875 0.025
0 0.434375 0.4390625 0.115625 0.04375
0 0.065625 0.409375 0.03125 0.0328125
0 0.4046875 0.2796875 0.140625 0.1140625
0 0.965625 0.2921875 0.0671875 0.1140625
0 0.20625 0.3640625 0.025 0.0234375
0 0.23125 0.653125 0.034375 0.046875
0 0.1859375 0.1671875 0.0703125 0.053125
0 0.271875 0.334375 0.0609375 0.0359375
0 0.0734375 0.2625 0.146875 0.115625
0 0.825 0.2296875 0.071875 0.0828125
0 0.5875 0.325 0.1890625 0.040625
0 0.6828125 0.2609375 0.0390625 0.03125
0 0.253125 0.2296875 0.0328125 0.0375
0 0.275 0.284375 0.0296875 0.0328125
0 0.1828125 0.5953125 0.0359375 0.021875
0 0.3765625 0.5640625 0.0390625 0.03125