0 0.36171875 0.13125 0.0546875 0.06875
0 0.33125 0.2625 0.0375 0.0375
0 0.1953125 0.4828125 0.04375 0.0125
0 0.121875 0.375 0.040625 0.040625
0 0.221875 0.2765625 0.05625 0.05625
0 0.3140625 0.321875 0.05 0.084375
0 0.278125 0.21875 0.078125 0.103125
0 0.275 0.2890625 0.0375 0.0375
0 0.271875 0.196875 0.065625 0.0625
0 0.371875 0.2984375 0.034375 0.05625
0 0.575 0.31875 0.084375 0.08125
0 0.8171875 0.315625 0.08125 0.08125
0 0.8234375 0.4484375 0.090625 0.08125
0 0.896875 0.29375 0.034375 0.034375
0 0.0609375 0.5875 0.065625 0.0625
0 0.303125 0.8171875 0.109375 0.10625
0 0.3796875 0.94375 0.01875 0.046875
0 0.1359375 0.534375 0.05625 0.06875
0 0.246875 0.509375 0.065625 0.040625
0 0.1828125 0.5046875 0.053125 0.03125
0 0.3234375 0.6359375 0.084375 0.084375
0 0.2375 0.9109375 0.03125 0.028125
0 0.8453125 0.9359375 0.040625 0.040625
0 0.96953125 0.6125 0.0609375 0.06875
0 0.846875 0.9625 0.06875 0.06875
0 0.8390625 0.97578125 0.0625 0.0484375