0 0.34375 0.290625 0.1734375 0.1765625
0 0.390625 0.5109375 0.0765625 0.084375
0 0.3 0.06875 0.221875 0.1359375
0 0.2875 0.1203125 0.059375 0.059375
0 0.90625 0.65625 0.0453125 0.0453125
0 0.815625 0.3 0.0671875 0.0671875
0 0.778125 0.43125 0.0390625 0.0390625
0 0.6421875 0.66875 0.0421875 0.0421875
0 0.56875 0.54375 0.03125 0.0484375
0 0.66875 0.4453125 0.0578125 0.0546875
0 0.7609375 0.490625 0.0453125 0.0828125
0 0.725 0.3875 0.071875 0.1015625
0 0.721875 0.4578125 0.0390625 0.0359375
0 0.71875 0.365625 0.0640625 0.0609375
0 0.828125 0.4671875 0.0515625 0.0515625
0 0.096875 0.9828125 0.0390625 0.034375