0 0.0171875 0.1375 0.034375 0.04375
0 0.61875 0.04375 0.178125 0.08125
0 0.8453125 0.07734375 0.278125 0.1546875
0 0.86640625 0.02421875 0.2671875 0.0484375
0 0.0875 0.703125 0.065625 0.065625
0 0.25 0.9171875 0.078125 0.078125
0 0.25625 0.8984375 0.053125 0.053125
0 0.99375 0.53125 0.0125 0.028125
0 0.7015625 0.36875 0.021875 0.021875
0 0.90625 0.9109375 0.05 0.05
0 0.8 0.7140625 0.01875 0.021875
0 0.9578125 0.9609375 0.0484375 0.0484375
0 0.78125 0.6546875 0.028125 0.025
0 0.81875 0.6359375 0.075 0.028125
0 0.728125 0.6359375 0.0328125 0.0296875