0 0.225 0.334375 0.0375 0.0375
0 0.978125 0.04375 0.03125 0.028125
0 0.5484375 0.1453125 0.025 0.028125
0 0.7625 0.121875 0.021875 0.021875
0 0.703125 0.071875 0.0390625 0.028125
0 0.63359375 0.01328125 0.0578125 0.0265625
0 0.5 0.16875 0.040625 0.0296875
0 0.6859375 0.26875 0.15 0.0953125
0 0.5890625 0.0703125 0.0515625 0.040625
0 0.7546875 0.009375 0.05 0.01875
0 0.5640625 0.2375 0.0375 0.0390625
0 0.609375 0.071875 0.1109375 0.05
0 0.0890625 0.540625 0.09375 0.04375
0 0.97109375 0.6875 0.0578125 0.071875
0 0.70625 0.8546875 0.096875 0.096875