0 0.021875 0.384375 0.04375 0.05
0 0.11875 0.0953125 0.059375 0.084375
0 0.1171875 0.2390625 0.034375 0.0375
0 0.1359375 0.0828125 0.0625 0.0625
0 0.8875 0.2953125 0.046875 0.034375
0 0.925 0.07734375 0.15 0.1546875
0 0.5234375 0.9875 0.0875 0.025
0 0.56796875 0.5671875 0.1015625 0.134375
0 0.03515625 0.67890625 0.0703125 0.2109375
0 0.178125 0.46171875 0.30625 0.1046875
0 0.06953125 0.515625 0.1390625 0.2
0 0.690625 0.6796875 0.028125 0.034375
0 0.9421875 0.41953125 0.103125 0.0203125
0 0.95390625 0.5484375 0.0921875 0.125
0 0.9046875 0.45 0.0484375 0.053125
0 0.721875 0.528125 0.1328125 0.0953125