0 0.0765625 0.0265625 0.05 0.05
0 0.2265625 0.02734375 0.1125 0.0546875
0 0.259375 0.00859375 0.04375 0.0171875
0 0.4578125 0.234375 0.075 0.075
0 0.81875 0.228125 0.034375 0.034375
0 0.7125 0.2171875 0.0625 0.0625
0 0.671875 0.01328125 0.028125 0.0265625
0 0.08125 0.6515625 0.05 0.053125
0 0.0359375 0.9828125 0.05 0.034375
0 0.16875 0.6609375 0.021875 0.01875
0 0.05 0.49375 0.09375 0.09375
0 0.3671875 0.4234375 0.046875 0.046875
0 0.45625 0.85625 0.059375 0.059375
0 0.7171875 0.98671875 0.0375 0.0265625
0 0.684375 0.959375 0.03125 0.040625
0 0.7921875 0.4109375 0.084375 0.021875