0 0.3578125 0.2796875 0.034375 0.040625
0 0.2921875 0.384375 0.059375 0.059375
0 0.15625 0.3515625 0.059375 0.059375
0 0.246875 0.3640625 0.153125 0.153125
0 0.0953125 0.4609375 0.040625 0.04375
0 0.065625 0.3421875 0.06875 0.06875
0 0.059375 0.3203125 0.090625 0.090625
0 0.040625 0.01796875 0.05 0.0359375
0 0.1875 0.11875 0.05625 0.046875
0 0.61875 0.62890625 0.046875 0.0203125
0 0.97265625 0.0796875 0.0546875 0.065625
0 0.90625 0.0296875 0.08125 0.059375
0 0.921875 0.0375 0.0875 0.075
0 0.9625 0.2828125 0.04375 0.04375
0 0.9 0.1296875 0.046875 0.046875
0 0.0671875 0.9390625 0.040625 0.040625
0 0.2703125 0.91875 0.03125 0.028125
0 0.0734375 0.7796875 0.034375 0.034375
0 0.959375 0.9390625 0.08125 0.046875
0 0.4875 0.971875 0.0375 0.0375
0 0.90625 0.89375 0.065625 0.06875