0 0.27109375 0.03125 0.1421875 0.0625
0 0.396875 0.428125 0.1640625 0.1453125
0 0.415625 0.0296875 0.0609375 0.059375
0 0.275 0.1203125 0.0875 0.0875
0 0.5796875 0.3625 0.0640625 0.0640625
0 0.9734375 0.25 0.0453125 0.0453125
0 0.584375 0.4609375 0.05 0.0421875
0 0.65 0.1015625 0.0703125 0.0625
0 0.9875 0.15625 0.025 0.0640625
0 0.59375 0.371875 0.0421875 0.0453125
0 0.5890625 0.2984375 0.0421875 0.0421875
0 0.2890625 0.58125 0.034375 0.034375
0 0.31875 0.79375 0.0296875 0.0296875
0 0.25625 0.75 0.05 0.05
0 0.165625 0.7 0.0875 0.0875
0 0.3 0.528125 0.04375 0.05
0 0.421875 0.684375 0.1171875 0.159375
0 0.1890625 0.8265625 0.0390625 0.0375
0 0.225 0.6390625 0.0515625 0.059375
0 0.19375 0.81875 0.059375 0.0609375
0 0.06875 0.890625 0.0296875 0.0296875
0 0.38125 0.575 0.046875 0.0453125
0 0.2328125 0.6578125 0.075 0.1203125
0 0.971875 0.715625 0.05625 0.0640625
0 0.8375 0.73125 0.053125 0.05625
0 0.515625 0.840625 0.0734375 0.1359375