0 0.4125 0.1109375 0.178125 0.178125
0 0.3078125 0.05625 0.0765625 0.0765625
0 0.5640625 0.48125 0.03125 0.0390625
0 0.4109375 0.453125 0.0765625 0.0765625
0 0.5328125 0.065625 0.09375 0.1078125
0 0.6296875 0.3765625 0.059375 0.059375
0 0.765625 0.409375 0.059375 0.059375
0 0.675 0.396875 0.153125 0.153125
0 0.8265625 0.3 0.0421875 0.0421875
0 0.85625 0.41875 0.04375 0.0828125
0 0.8625 0.440625 0.053125 0.1203125
0 0.4234375 0.60625 0.0765625 0.0734375
0 0.19375 0.625 0.0703125 0.0703125
0 0.303125 0.7953125 0.028125 0.025
0 0.88125 0.7484375 0.0484375 0.0484375
0 0.96875 0.8015625 0.0625 0.0875
0 0.621875 0.959375 0.0859375 0.08125
0 0.734375 0.6421875 0.0546875 0.046875
0 0.971875 0.7125 0.05625 0.05625