0 0.1828125 0.178125 0.034375 0.034375
0 0.3359375 0.20625 0.078125 0.078125
0 0.1171875 0.2828125 0.059375 0.059375
0 0.075 0.2625 0.15 0.15625
0 0.3234375 0.053125 0.08125 0.078125
0 0.553125 0.03515625 0.071875 0.0703125
0 0.01953125 0.02265625 0.0390625 0.0453125
0 0.371875 0.96953125 0.090625 0.0609375
0 0.57734375 0.9 0.0234375 0.0625
0 0.4265625 0.91796875 0.2 0.1640625
0 0.54609375 0.8734375 0.0859375 0.13125
0 0.41875 0.8875 0.084375 0.084375
0 0.028125 0.60625 0.05625 0.109375
0 0.7671875 0.8953125 0.05 0.05