0 0.365625 0.1984375 0.1625 0.14375
0 0.4875 0.4890625 0.09375 0.059375
0 0.1828125 0.2640625 0.06875 0.065625
0 0.178125 0.165625 0.046875 0.046875
0 0.1125 0.50546875 0.071875 0.0265625
0 0.16875 0.2546875 0.046875 0.046875
0 0.1734375 0.328125 0.04375 0.04375
0 0.4734375 0.0453125 0.034375 0.034375
0 0.4625 0.0984375 0.046875 0.053125
0 0.5375 0.00703125 0.05625 0.0140625
0 0.38125 0.0515625 0.046875 0.04375
0 0.5296875 0.015625 0.08125 0.03125
0 0.26875 0.678125 0.04375 0.04375
0 0.3296875 0.53984375 0.0625 0.0421875
0 0.978125 0.896875 0.04375 0.05
0 0.94375 0.7625 0.040625 0.040625
0 0.8 0.946875 0.096875 0.096875
0 0.678125 0.7671875 0.05625 0.06875
0 0.7515625 0.6203125 0.121875 0.1234375