0 0.9625 0.078125 0.04375 0.04375
0 0.9375 0.01640625 0.040625 0.0328125
0 0.96875 0.121875 0.040625 0.040625
0 0.32578125 0.228125 0.0921875 0.09375
0 0.7046875 0.090625 0.015625 0.046875
0 0.171875 0.9734375 0.0625 0.053125
0 0.0609375 0.40625 0.040625 0.040625
0 0.0640625 0.6265625 0.028125 0.028125
0 0.6109375 0.63125 0.06875 0.096875
0 0.828125 0.7765625 0.06875 0.06875
0 0.83125 0.9421875 0.03125 0.03125
0 0.8015625 0.921875 0.0375 0.059375
0 0.915625 0.8859375 0.075 0.0578125
0 0.6921875 0.85625 0.0390625 0.075