0 0.0546875 0.1046875 0.109375 0.14375
0 0.00625 0.221875 0.0125 0.04375
0 0.5203125 0.046875 0.040625 0.040625
0 0.971875 0.3671875 0.05625 0.075
0 0.453125 0.346875 0.071875 0.071875
0 0.4625 0.2921875 0.103125 0.071875
0 0.2125 0.5578125 0.059375 0.05625
0 0.234375 0.621875 0.053125 0.040625
0 0.8703125 0.6125 0.05 0.053125
0 0.41875 0.4953125 0.14375 0.090625
0 0.609375 0.55 0.0625 0.0625
0 0.709375 0.51875 0.06875 0.06875
0 0.778125 0.821875 0.0875 0.0875
0 0.790625 0.65 0.0546875 0.01875
0 0.31796875 0.98359375 0.0453125 0.0328125