0 0.75 0.3703125 0.125 0.065625
0 0.7125 0.36875 0.04375 0.05625
0 0.9640625 0.35625 0.025 0.028125
0 0.19375 0.9296875 0.0671875 0.0640625
0 0.2421875 0.7859375 0.04375 0.071875
0 0.8296875 0.975 0.046875 0.040625
0 0.478125 0.6625 0.01875 0.040625
0 0.4875 0.578125 0.0375 0.028125
0 0.5171875 0.49375 0.046875 0.05
0 0.6703125 0.746875 0.059375 0.0296875
0 0.684375 0.9734375 0.05 0.0296875
0 0.7171875 0.903125 0.0375 0.021875
0 0.6140625 0.4953125 0.0515625 0.0265625
0 0.9921875 0.65703125 0.015625 0.0359375
0 0.9078125 0.965625 0.03125 0.028125
0 0.5484375 0.6625 0.05625 0.028125