0 0.2921875 0.1875 0.040625 0.05625
0 0.3375 0.234375 0.034375 0.034375
0 0.96484375 0.275 0.0703125 0.103125
0 0.834375 0.2890625 0.06875 0.065625
0 0.884375 0.2921875 0.0328125 0.0328125
0 0.4125 0.684375 0.053125 0.071875
0 0.4 0.9796875 0.078125 0.040625
0 0.3796875 0.63125 0.0515625 0.0625
0 0.4171875 0.82109375 0.04375 0.1109375
0 0.4015625 0.5734375 0.075 0.046875
0 0.0640625 0.9546875 0.0265625 0.0484375
0 0.50625 0.90625 0.109375 0.1125
0 0.725 0.99375 0.053125 0.0125
0 0.865625 0.97734375 0.009375 0.0453125
0 0.8765625 0.9640625 0.03125 0.071875