0 0.61953125 0.3140625 0.0203125 0.040625
0 0.5578125 0.35078125 0.053125 0.0171875
0 0.2734375 0.1921875 0.053125 0.103125
0 0.259375 0.05234375 0.08125 0.1046875
0 0.865625 0.34375 0.075 0.03125
0 0.9125 0.3 0.025 0.025
0 0.55625 0.4375 0.04375 0.046875
0 0.5734375 0.4375 0.0875 0.0875
0 0.15 0.4984375 0.065625 0.065625
0 0.2484375 0.7 0.040625 0.040625
0 0.7046875 0.37421875 0.046875 0.0296875
0 0.7484375 0.390625 0.059375 0.059375
0 0.765625 0.684375 0.078125 0.078125
0 0.665625 0.675 0.071875 0.078125
0 0.66953125 0.70625 0.0796875 0.146875