0 0.309375 0.0953125 0.053125 0.053125
0 0.815625 0.128125 0.025 0.025
0 0.65703125 0.403125 0.0421875 0.03125
0 0.6390625 0.109375 0.0296875 0.0265625
0 0.1203125 0.540625 0.096875 0.096875
0 0.25 0.540625 0.0453125 0.0453125
0 0.2359375 0.98359375 0.084375 0.0328125
0 0.37421875 0.97421875 0.1015625 0.0515625
0 0.10546875 0.975 0.0421875 0.05
0 0.47421875 0.925 0.0109375 0.046875
0 0.48671875 0.690625 0.0359375 0.15
0 0.91875 0.765625 0.0234375 0.0296875
0 0.48984375 0.73203125 0.0421875 0.0609375
0 0.9390625 0.8765625 0.03125 0.0390625