0 0.4765625 0.1109375 0.05 0.025
0 0.4109375 0.08125 0.046875 0.040625
0 0.0171875 0.296875 0.034375 0.071875
0 0.1078125 0.20625 0.084375 0.084375
0 0.0578125 0.3484375 0.053125 0.05625
0 0.8125 0.3671875 0.025 0.01875
0 0.39609375 0.7765625 0.2859375 0.428125
0 0.30625 0.9265625 0.109375 0.13125
0 0.328125 0.9578125 0.09375 0.084375
0 0.3625 0.9375 0.121875 0.109375
0 0.4 0.878125 0.09375 0.096875
0 0.44296875 0.62421875 0.1921875 0.1296875
0 0.70625 0.828125 0.08125 0.0875
0 0.73125 0.90625 0.0375 0.0375
0 0.678125 0.70625 0.034375 0.03125
0 0.60625 0.746875 0.0265625 0.0265625
0 0.65625 0.79375 0.0484375 0.0484375