0 0.2671875 0.2546875 0.0875 0.090625
0 0.2796875 0.1765625 0.040625 0.040625
0 0.03515625 0.4125 0.0703125 0.125
0 0.8078125 0.0140625 0.103125 0.028125
0 0.978125 0.0515625 0.04375 0.06875
0 0.9546875 0.2046875 0.090625 0.059375
0 0.840625 0.4546875 0.0765625 0.0765625
0 0.9078125 0.496875 0.0640625 0.1015625
0 0.1625 0.746875 0.2125 0.14375
0 0.23125 0.84375 0.053125 0.053125
0 0.1375 0.98125 0.046875 0.0375
0 0.128125 0.93125 0.0390625 0.040625
0 0.4421875 0.6953125 0.0375 0.040625
0 0.5734375 0.703125 0.028125 0.028125
0 0.9953125 0.6015625 0.009375 0.028125
0 0.7890625 0.625 0.021875 0.021875
0 0.8484375 0.675 0.034375 0.034375
0 0.9171875 0.75 0.0578125 0.0609375
0 0.7890625 0.7578125 0.0296875 0.0328125
0 0.9625 0.6765625 0.0515625 0.040625
0 0.38828125 0.66015625 0.0171875 0.0328125
0 0.796875 0.7515625 0.05 0.0484375
0 0.75625 0.8890625 0.025 0.025
0 0.5015625 0.65625 0.01875 0.01875
0 0.9421875 0.675 0.1109375 0.05