0 0.21875 0.4375 0.065625 0.065625
0 0.4171875 0.2078125 0.025 0.103125
0 0.0171875 0.559375 0.034375 0.040625
0 0.0640625 0.4296875 0.109375 0.065625
0 0.29375 0.490625 0.0625 0.0625
0 0.40078125 0.525 0.0578125 0.059375
0 0.340625 0.5328125 0.0625 0.05
0 0.3953125 0.1140625 0.03125 0.028125
0 0.7078125 0.6796875 0.075 0.075
0 0.51015625 0.6734375 0.1609375 0.1125
0 0.60078125 0.70625 0.0578125 0.046875
0 0.5875 0.3359375 0.034375 0.0375
0 0.625 0.0734375 0.05 0.046875
0 0.8359375 0.24375 0.134375 0.13125
0 0.8359375 0.2703125 0.096875 0.096875
0 0.40078125 0.865625 0.0578125 0.078125
0 0.44140625 0.9046875 0.0234375 0.05