0 0.109375 0.315625 0.015625 0.015625
0 0.1609375 0.165625 0.040625 0.040625
0 0.23984375 0.090625 0.0390625 0.15
0 0.9734375 0.30625 0.053125 0.14375
0 0.8109375 0.365625 0.1 0.1
0 0.7015625 0.3875 0.046875 0.046875
0 0.96796875 0.3109375 0.0640625 0.08125
0 0.03203125 0.565625 0.0640625 0.065625
0 0.0859375 0.8453125 0.05 0.05
0 0.503125 0.846875 0.04375 0.04375
0 0.5421875 0.8609375 0.05 0.05
0 0.6484375 0.940625 0.078125 0.09375
0 0.8015625 0.5953125 0.13125 0.13125
0 0.7640625 0.790625 0.078125 0.078125
0 0.790625 0.83125 0.05 0.040625