0 0.4296875 0.84375 0.0375 0.0578125
0 0.4515625 0.4375 0.0359375 0.046875
0 0.8515625 0.7015625 0.046875 0.0546875
0 0.2609375 0.3421875 0.0421875 0.04375
0 0.63125 0.1546875 0.046875 0.0328125
0 0.8375 0.8625 0.040625 0.0828125
0 0.234375 0.540625 0.0296875 0.0921875
0 0.2375 0.490625 0.0265625 0.0234375
0 0.228125 0.684375 0.034375 0.034375
0 0.8265625 0.2625 0.021875 0.0203125
0 0.5578125 0.834375 0.034375 0.040625
0 0.58125 0.1015625 0.0671875 0.015625
0 0.8859375 0.2828125 0.025 0.028125
0 0.2578125 0.1921875 0.053125 0.03125
0 0.4515625 0.1125 0.0390625 0.034375
0 0.9046875 0.246875 0.0265625 0.075
0 0.903125 0.3359375 0.0296875 0.0328125