0 0.303125 0.165625 0.040625 0.040625
0 0.2078125 0.35625 0.046875 0.04375
0 0.0203125 0.00546875 0.0375 0.0109375
0 0.40625 0.3828125 0.065625 0.065625
0 0.35625 0.3796875 0.025 0.025
0 0.54609375 0.3890625 0.0265625 0.034375
0 0.0578125 0.359375 0.034375 0.053125
0 0.684375 0.2390625 0.05 0.040625
0 0.79375 0.2171875 0.0375 0.03125
0 0.1265625 0.9484375 0.04375 0.04375
0 0.040625 0.9171875 0.0375 0.046875
0 0.4859375 0.46171875 0.046875 0.0234375
0 0.196875 0.9609375 0.034375 0.034375
0 0.7859375 0.6359375 0.053125 0.05