0 0.065625 0.0109375 0.103125 0.021875
0 0.271875 0.121875 0.025 0.028125
0 0.73125 0.0171875 0.046875 0.034375
0 0.7515625 0.35078125 0.0625 0.0171875
0 0.74375 0.0984375 0.0375 0.034375
0 0.7546875 0.2953125 0.04375 0.128125
0 0.0421875 0.5625 0.06875 0.06875
0 0.58984375 0.79921875 0.0203125 0.0890625
0 0.59140625 0.609375 0.0171875 0.0625
0 0.1796875 0.73125 0.028125 0.075
0 0.1984375 0.609375 0.0625 0.034375
0 0.5609375 0.8421875 0.053125 0.053125
0 0.5296875 0.903125 0.0390625 0.084375
0 0.02265625 0.9046875 0.0453125 0.121875
0 0.81875 0.37578125 0.05 0.0328125
0 0.690625 0.740625 0.015625 0.015625
0 0.840625 0.7921875 0.0375 0.0375
0 0.7453125 0.928125 0.109375 0.109375
0 0.915625 0.9265625 0.1625 0.1375