0 0.0421875 0.2734375 0.065625 0.065625
0 0.56953125 0.2109375 0.0203125 0.06875
0 0.965625 0.2375 0.0375 0.0375
0 0.9265625 0.0421875 0.0609375 0.034375
0 0.8359375 0.2484375 0.0296875 0.0359375
0 0.3984375 0.515625 0.040625 0.06875
0 0.1171875 0.953125 0.0296875 0.028125
0 0.4859375 0.7140625 0.0296875 0.0421875
0 0.5046875 0.778125 0.028125 0.2671875
0 0.50625 0.92578125 0.025 0.1484375
0 0.56875 0.96328125 0.01875 0.0734375
0 0.8609375 0.5109375 0.046875 0.046875
0 0.89375 0.7234375 0.0546875 0.0546875
0 0.72421875 0.45859375 0.1171875 0.0578125
0 0.85625 0.8359375 0.0421875 0.0421875
0 0.7 0.43671875 0.046875 0.0140625