0 0.05625 0.14375 0.0390625 0.034375
0 0.0390625 0.08125 0.078125 0.0828125
0 0.315625 0.5609375 0.1296875 0.0765625
0 0.046875 0.1 0.0921875 0.1171875
0 0.471875 0.14375 0.04375 0.046875
0 0.340625 0.5640625 0.0671875 0.0671875
0 0.503125 0.2046875 0.0875 0.0875
0 0.434375 0.3859375 0.046875 0.046875
0 0.534375 0.203125 0.0296875 0.0296875
0 0.615625 0.340625 0.059375 0.053125
0 0.896875 0.378125 0.1734375 0.1734375
0 0.8828125 0.565625 0.1875 0.1875
0 0.953125 0.64375 0.0640625 0.03125
0 0.915625 0.2234375 0.0734375 0.0734375
0 0.259375 0.871875 0.053125 0.046875
0 0.471875 0.765625 0.0765625 0.0765625
0 0.2015625 0.9203125 0.059375 0.059375
0 0.196875 0.90625 0.0453125 0.0703125
0 0.8171875 0.946875 0.0875 0.0953125