0 0.2625 0.2828125 0.034375 0.025
0 0.278125 0.3453125 0.078125 0.059375
0 0.28125 0.3265625 0.096875 0.096875
0 0.7796875 0.4703125 0.078125 0.078125
0 0.97265625 0.1703125 0.0546875 0.06875
0 0.14375 0.8765625 0.0375 0.0375
0 0.215625 0.7390625 0.028125 0.03125
0 0.15 0.790625 0.03125 0.040625
0 0.2140625 0.9 0.034375 0.034375
0 0.61875 0.5703125 0.071875 0.0625
0 0.5703125 0.628125 0.0625 0.065625
0 0.578125 0.825 0.06875 0.065625
0 0.5546875 0.7015625 0.03125 0.034375
0 0.5640625 0.87734375 0.05 0.0609375