0 0.0265625 0.0984375 0.053125 0.06875
0 0.021875 0.2640625 0.028125 0.03125
0 0.025 0.3734375 0.034375 0.0375
0 0.0078125 0.24375 0.015625 0.046875
0 0.10625 0.2078125 0.078125 0.0625
0 0.41796875 0.28203125 0.0984375 0.2546875
0 0.5828125 0.078125 0.09375 0.09375
0 0.6171875 0.134375 0.075 0.075
0 0.584375 0.98125 0.05625 0.0375
0 0.8265625 0.4828125 0.04375 0.04375
0 0.4203125 0.99453125 0.03125 0.0109375
0 0.7359375 0.42109375 0.0375 0.0234375
0 0.78125 0.97890625 0.03125 0.0421875
0 0.8140625 0.9640625 0.034375 0.034375
0 0.3984375 0.696875 0.0515625 0.0375