0 0.4203125 0.0640625 0.071875 0.071875
0 0.4109375 0.02734375 0.090625 0.0546875
0 0.95625 0.03125 0.04375 0.046875
0 0.9828125 0.175 0.034375 0.046875
0 0.9703125 0.18671875 0.059375 0.0859375
0 0.128125 0.27578125 0.09375 0.0921875
0 0.059375 0.45625 0.05 0.046875
0 0.159375 0.2734375 0.03125 0.03125
0 0.240625 0.4109375 0.059375 0.059375
0 0.5140625 0.4484375 0.171875 0.1875
0 0.50703125 0.6359375 0.1859375 0.1875
0 0.57265625 0.7140625 0.0546875 0.03125
0 0.540625 0.29375 0.0734375 0.0734375
0 0.096875 0.8359375 0.0765625 0.0765625
0 0.4421875 0.984375 0.0875 0.03125
0 0.9109375 0.7171875 0.065625 0.065625
0 0.8703125 0.746875 0.0375 0.034375
0 0.8046875 0.6609375 0.025 0.04375