0 0.41796875 0.4203125 0.0640625 0.04375
0 0.240625 0.42578125 0.05 0.0484375
0 0.959375 0.059375 0.06875 0.06875
0 0.48125 0.3015625 0.0625 0.071875
0 0.734375 0.2921875 0.05 0.05
0 0.1796875 0.9703125 0.040625 0.040625
0 0.065625 0.9265625 0.028125 0.028125
0 0.0703125 0.775 0.025 0.028125
0 0.4203125 0.9109375 0.03125 0.03125
0 0.3484375 0.9515625 0.025 0.025
0 0.4109375 0.5921875 0.04375 0.0265625
0 0.39765625 0.98671875 0.0484375 0.0265625
0 0.00546875 0.8984375 0.0109375 0.05
0 0.9671875 0.625 0.04375 0.04375
0 0.8234375 0.784375 0.059375 0.059375
0 0.7890625 0.896875 0.05 0.046875