0 0.365625 0.2875 0.0578125 0.0578125
0 0.184375 0.425 0.0515625 0.0109375
0 0.009375 0.096875 0.0171875 0.0578125
0 0.33125 0.35 0.159375 0.159375
0 0.21875 0.4171875 0.1078125 0.025
0 0.534375 0.134375 0.0296875 0.028125
0 0.09375 0.0140625 0.0734375 0.028125
0 0.353125 0.39375 0.0734375 0.0734375
0 0.684375 0.009375 0.0546875 0.0171875
0 0.31875 0.990625 0.04375 0.0171875
0 0.090625 0.890625 0.0484375 0.0484375
0 0.0734375 0.89375 0.0734375 0.0734375
0 0.0921875 0.7171875 0.0640625 0.0640625
0 0.775 0.453125 0.0484375 0.0453125
0 0.959375 0.55625 0.04375 0.04375
0 0.7625 0.6515625 0.0375 0.0375
0 0.765625 0.51875 0.0484375 0.0484375
0 0.771875 0.4984375 0.0796875 0.0796875