0 0.32421875 0.0609375 0.3421875 0.121875
0 0.309375 0.290625 0.103125 0.103125
0 0.9359375 0.003125 0.03125 0.00625
0 0.5921875 0.01015625 0.03125 0.0203125
0 0.365625 0.98984375 0.05625 0.0203125
0 0.315625 0.784375 0.06875 0.071875
0 0.446875 0.8421875 0.04375 0.04375
0 0.34375 0.778125 0.121875 0.1
0 0.3125 0.48125 0.0375 0.0375
0 0.8609375 0.490625 0.1 0.0625
0 0.74375 0.6421875 0.028125 0.028125
0 0.8328125 0.634375 0.034375 0.034375
0 0.590625 0.6546875 0.034375 0.03125
0 0.6328125 0.64375 0.03125 0.028125