0 0.1140625 0.0921875 0.05625 0.05625
0 0.128125 0.0828125 0.071875 0.08125
0 0.1078125 0.00859375 0.0625 0.0171875
0 0.2671875 0.446875 0.040625 0.0375
0 0.8109375 0.565625 0.13125 0.13125
0 0.7015625 0.4375 0.140625 0.146875
0 0.740625 0.3 0.065625 0.05625
0 0.7765625 0.3328125 0.0703125 0.08125
0 0.88125 0.45 0.04375 0.0609375
0 0.259375 0.7125 0.059375 0.040625
0 0.2578125 0.70703125 0.0875 0.0359375
0 0.3671875 0.9703125 0.05625 0.059375
0 0.6890625 0.9875 0.05625 0.025
0 0.5296875 0.98984375 0.159375 0.0203125