0 0.259375 0.30625 0.09375 0.096875
0 0.41796875 0.26875 0.0828125 0.10625
0 0.3515625 0.2984375 0.05 0.053125
0 0.02578125 0.409375 0.0515625 0.10625
0 0.1578125 0.35 0.028125 0.025
0 0.44375 0.296875 0.03125 0.053125
0 0.3109375 0.353125 0.0375 0.0375
0 0.58125 0.1265625 0.040625 0.040625
0 0.56875 0.0734375 0.0375 0.040625
0 0.3359375 0.509375 0.046875 0.046875
0 0.3328125 0.84375 0.05 0.05
0 0.11875 0.871875 0.059375 0.0625
0 0.0125 0.8328125 0.025 0.046875
0 0.9171875 0.9453125 0.146875 0.109375
0 0.740625 0.63125 0.1 0.10625
0 0.9421875 0.925 0.071875 0.071875
0 0.98046875 0.54375 0.0390625 0.015625
0 0.8546875 0.6 0.053125 0.053125