0 0.425 0.203125 0.03125 0.0375
0 0.4109375 0.1375 0.034375 0.0375
0 0.571875 0.928125 0.0328125 0.0796875
0 0.428125 0.49375 0.034375 0.034375
0 0.18125 0.734375 0.034375 0.034375
0 0.584375 0.7765625 0.009375 0.0375
0 0.15 0.9390625 0.028125 0.028125
0 0.2875 0.825 0.0234375 0.0234375
0 0.578125 0.571875 0.0203125 0.021875
0 0.26875 0.5859375 0.0625 0.0859375
0 0.225 0.5546875 0.021875 0.025
0 0.58125 0.6375 0.0140625 0.0390625
0 0.284375 0.759375 0.0171875 0.0171875
0 0.3625 0.9125 0.0171875 0.01875
0 0.228125 0.8671875 0.025 0.028125