0 0.98046875 0.071875 0.0390625 0.053125
0 0.9140625 0.303125 0.053125 0.05625
0 0.234375 0.5671875 0.053125 0.053125
0 0.31796875 0.7640625 0.0421875 0.04375
0 0.18125 0.746875 0.078125 0.078125
0 0.8984375 0.9453125 0.11875 0.109375
0 0.8609375 0.93125 0.053125 0.05625
0 0.915625 0.9578125 0.065625 0.065625
0 0.6234375 0.61875 0.0875 0.090625
0 0.35703125 0.68125 0.0359375 0.040625
0 0.6484375 0.540625 0.03125 0.04375
0 0.5953125 0.740625 0.03125 0.03125
0 0.5234375 0.7 0.025 0.025
0 0.6421875 0.9171875 0.04375 0.075
0 0.5734375 0.653125 0.05 0.05
0 0.640625 0.925 0.040625 0.0375