0 0.078125 0.15625 0.05 0.053125
0 0.346875 0.05625 0.059375 0.059375
0 0.13125 0.2515625 0.065625 0.065625
0 0.346875 0.1390625 0.040625 0.040625
0 0.0875 0.175 0.096875 0.096875
0 0.965625 0.078125 0.059375 0.059375
0 0.93125 0.225 0.06875 0.05625
0 0.603125 0.18125 0.06875 0.06875
0 0.40625 0.7140625 0.053125 0.05625
0 0.459375 0.6609375 0.046875 0.046875
0 0.24375 0.6171875 0.0375 0.0375
0 0.26875 0.9625 0.034375 0.034375
0 0.4125 0.9734375 0.025 0.025
0 0.7546875 0.6453125 0.0625 0.06875
0 0.890625 0.8015625 0.0375 0.0375
0 0.559375 0.7359375 0.090625 0.090625
0 0.571875 0.7609375 0.04375 0.04375
0 0.565625 0.7578125 0.04375 0.04375
0 0.53984375 0.92109375 0.1015625 0.1578125
0 0.603125 0.9546875 0.171875 0.090625