0 0.0625 0.196875 0.0125 0.0375
0 0.9109375 0.03515625 0.128125 0.0703125
0 0.725 0.03828125 0.125 0.0765625
0 0.7078125 0.2125 0.053125 0.053125
0 0.6859375 0.13125 0.04375 0.04375
0 0.6984375 0.203125 0.0875 0.0875
0 0.6953125 0.1703125 0.125 0.121875
0 0.7484375 0.34375 0.0390625 0.0390625
0 0.359375 0.56875 0.053125 0.053125
0 0.51171875 0.5109375 0.0640625 0.10625
0 0.7703125 0.6390625 0.05 0.05
0 0.86875 0.9328125 0.06875 0.059375
0 0.825 0.8828125 0.015625 0.0375
0 0.8390625 0.8734375 0.065625 0.065625
0 0.53125 0.7296875 0.08125 0.084375
0 0.5578125 0.95625 0.075 0.08125