0 0.484375 0.278125 0.040625 0.040625
0 0.4890625 0.0203125 0.06875 0.040625
0 0.1671875 0.1078125 0.140625 0.140625
0 0.0265625 0.1203125 0.046875 0.046875
0 0.3421875 0.0859375 0.115625 0.115625
0 0.8828125 0.6359375 0.053125 0.053125
0 0.634375 0.6359375 0.14375 0.0625
0 0.54453125 0.6453125 0.0296875 0.0375
0 0.8765625 0.1015625 0.0375 0.0375
0 0.7125 0.1015625 0.03125 0.03125
0 0.325 0.76875 0.06875 0.071875
0 0.2625 0.696875 0.046875 0.046875
0 0.2984375 0.88125 0.0375 0.071875
0 0.4296875 0.828125 0.053125 0.053125