0 0.2875 0.0953125 0.040625 0.040625
0 0.9921875 0.25859375 0.015625 0.0828125
0 0.6421875 0.078125 0.0625 0.0640625
0 0.978125 0.046875 0.04375 0.053125
0 0.03515625 0.65 0.0703125 0.09375
0 0.05625 0.503125 0.075 0.071875
0 0.2078125 0.7890625 0.065625 0.0625
0 0.2796875 0.85 0.0875 0.0875
0 0.2515625 0.95 0.065625 0.090625
0 0.0453125 0.8484375 0.0296875 0.0234375
0 0.2640625 0.896875 0.08125 0.203125
0 0.2234375 0.5859375 0.05 0.03125
0 0.2859375 0.7390625 0.0515625 0.040625
0 0.93125 0.584375 0.0625 0.0640625