0 0.40625 0.1296875 0.125 0.153125
0 0.2125 0.0703125 0.1 0.1
0 0.103125 0.0484375 0.046875 0.046875
0 0.3734375 0.125 0.075 0.075
0 0.496875 0.4234375 0.05625 0.05625
0 0.6921875 0.00703125 0.059375 0.0140625
0 0.5546875 0.02890625 0.071875 0.0578125
0 0.47734375 0.17734375 0.0171875 0.0671875
0 0.8296875 0.19375 0.0828125 0.0828125
0 0.4046875 0.525 0.00625 0.06875
0 0.50390625 0.8984375 0.0703125 0.11875
0 0.75625 0.8921875 0.071875 0.071875
0 0.4984375 0.884375 0.059375 0.06875
0 0.96171875 0.540625 0.0765625 0.14375