0 0.09375 0.1359375 0.0640625 0.0609375
0 0.015625 0.19609375 0.03125 0.0515625
0 0.3375 0.3875 0.0421875 0.0515625
0 0.275 0.2125 0.0671875 0.0640625
0 0.134375 0.1703125 0.0578125 0.0640625
0 0.33125 0.025 0.05625 0.05
0 0.065625 0.1921875 0.03125 0.03125
0 0.6 0.39375 0.115625 0.1140625
0 0.990625 0.3609375 0.01875 0.03125
0 0.0515625 0.9796875 0.046875 0.040625
0 0.0515625 0.559375 0.0375 0.0375
0 0.434375 0.84375 0.053125 0.0453125
0 0.915625 0.6625 0.0375 0.0375
0 0.9203125 0.8296875 0.0375 0.0375