0 0.190625 0.2375 0.075 0.075
0 0.2796875 0.2296875 0.134375 0.125
0 0.1125 0.3609375 0.0828125 0.0828125
0 0.4609375 0.015625 0.059375 0.03125
0 0.18125 0.171875 0.05625 0.0578125
0 0.0796875 0.096875 0.0703125 0.0703125
0 0.046875 0.4265625 0.0921875 0.090625
0 0.303125 0.20625 0.065625 0.065625
0 0.109375 0.19375 0.0484375 0.0484375
0 0.053125 0.00625 0.0484375 0.0109375
0 0.76875 0.0328125 0.1 0.065625
0 0.934375 0.253125 0.040625 0.0421875
0 0.840625 0.146875 0.065625 0.065625
0 0.465625 0.840625 0.05625 0.053125
0 0.4234375 0.784375 0.05 0.05
0 0.2421875 0.5890625 0.03125 0.03125
0 0.3546875 0.5828125 0.0609375 0.0609375
0 0.9875 0.740625 0.025 0.03125