0 0.5328125 0.290625 0.05625 0.05625
0 0.5859375 0.0171875 0.0625 0.034375
0 0.784375 0.0421875 0.0625 0.0625
0 0.88125 0.0265625 0.04375 0.04375
0 0.5921875 0.759375 0.0375 0.040625
0 0.5421875 0.8375 0.10625 0.10625
0 0.4734375 0.675 0.0296875 0.025
0 0.275 0.85625 0.115625 0.04375
0 0.64375 0.8859375 0.03125 0.0328125
0 0.3046875 0.97890625 0.140625 0.0421875
0 0.503125 0.93125 0.025 0.0234375
0 0.478125 0.6421875 0.034375 0.046875
0 0.4375 0.9609375 0.0609375 0.0359375
0 0.121875 0.9703125 0.1890625 0.040625
0 0.5265625 0.7 0.0359375 0.021875
0 0.3328125 0.73125 0.0390625 0.03125
0 0.8234375 0.815625 0.03125 0.04375