0 0.0546875 0.3140625 0.046875 0.046875
0 0.4984375 0.09375 0.08125 0.10625
0 0.3375 0.26875 0.040625 0.04375
0 0.1296875 0.103125 0.053125 0.0375
0 0.5234375 0.21875 0.03125 0.05
0 0.1359375 0.159375 0.271875 0.109375
0 0.03203125 0.17890625 0.0640625 0.1359375
0 0.734375 0.2484375 0.04375 0.04375
0 0.7953125 0.3890625 0.059375 0.046875
0 0.4765625 0.8046875 0.05625 0.053125
0 0.01640625 0.8765625 0.0328125 0.08125
0 0.2390625 0.6953125 0.06875 0.021875
0 0.1265625 0.8609375 0.11875 0.125
0 0.953125 0.66484375 0.09375 0.1109375
0 0.959375 0.9375 0.075 0.075
0 0.98046875 0.6359375 0.0390625 0.053125
0 0.9515625 0.675 0.071875 0.06875