0 0.4984375 0.253125 0.140625 0.04375
0 0.534375 0.265625 0.034375 0.034375
0 0.340625 0.04375 0.05 0.05
0 0.02421875 0.165625 0.0484375 0.078125
0 0.409375 0.3328125 0.0375 0.0375
0 0.071875 0.31875 0.08125 0.08125
0 0.8578125 0.040625 0.075 0.075
0 0.76875 0.05078125 0.1375 0.1015625
0 0.9359375 0.1640625 0.084375 0.08125
0 0.97734375 0.2296875 0.0453125 0.09375
0 0.7453125 0.021875 0.06875 0.04375
0 0.9390625 0.0109375 0.05 0.021875
0 0.80625 0.3921875 0.03125 0.03125
0 0.69375 0.3859375 0.0609375 0.0609375
0 0.1265625 0.6625 0.08125 0.08125
0 0.2328125 0.6515625 0.046875 0.04375
0 0.3546875 0.646875 0.065625 0.034375
0 0.5546875 0.609375 0.028125 0.05
0 0.50703125 0.61875 0.1234375 0.0625
0 0.7484375 0.4421875 0.05 0.025
0 0.646875 0.44375 0.065625 0.028125