0 0.4578125 0.6171875 0.071875 0.10625
0 0.059375 0.3140625 0.053125 0.0375
0 0.146875 0.1171875 0.0703125 0.0453125
0 0.6171875 0.309375 0.034375 0.04375
0 0.9828125 0.50625 0.0328125 0.05625
0 0.0640625 0.5515625 0.05 0.053125
0 0.95625 0.615625 0.059375 0.0546875
0 0.0125 0.171875 0.0234375 0.028125
0 0.06875 0.5421875 0.0375 0.03125
0 0.453125 0.5765625 0.0296875 0.028125
0 0.046875 0.4875 0.0328125 0.0375
0 0.2359375 0.11875 0.0671875 0.0484375
0 0.1796875 0.11875 0.14375 0.05
0 0.7578125 0.5578125 0.025 0.0390625