0 0.059375 0.1859375 0.04375 0.046875
0 0.146875 0.00625 0.06875 0.0125
0 0.0640625 0.4234375 0.053125 0.053125
0 0.0125 0.0421875 0.025 0.028125
0 0.06875 0.4140625 0.034375 0.034375
0 0.046875 0.359375 0.0375 0.0375
0 0.2359375 0.00859375 0.06875 0.0171875
0 0.1796875 0.0078125 0.14375 0.015625
0 0.4875 0.2953125 0.040625 0.075
0 0.534375 0.6703125 0.115625 0.053125
0 0.5546875 0.4734375 0.059375 0.059375
0 0.5921875 0.440625 0.034375 0.034375
0 0.6359375 0.8546875 0.046875 0.04375
0 0.6625 0.90625 0.03125 0.034375