0 0.3578125 0.11875 0.1 0.0984375
0 0.396875 0.18125 0.0609375 0.0609375
0 0.9578125 0.228125 0.084375 0.0453125
0 0.746875 0.24375 0.046875 0.0140625
0 0.87734375 0.025 0.0921875 0.05
0 0.8578125 0.05 0.071875 0.0625
0 0.25625 0.49375 0.125 0.125
0 0.384375 0.603125 0.1390625 0.13125
0 0.521875 0.5640625 0.0546875 0.065625
0 0.490625 0.271875 0.028125 0.028125
0 0.0515625 0.4015625 0.103125 0.140625
0 0.4890625 0.528125 0.08125 0.0703125
0 0.0375 0.35859375 0.075 0.0703125
0 0.1 0.309375 0.0421875 0.046875
0 0.371875 0.4234375 0.0609375 0.04375
0 0.0640625 0.921875 0.0359375 0.040625
0 0.9765625 0.646875 0.046875 0.08125