0 0.3078125 0.56875 0.040625 0.040625
0 0.4890625 0.2046875 0.021875 0.053125
0 0.3640625 0.3578125 0.03125 0.03125
0 0.3828125 0.1984375 0.05 0.034375
0 0.6921875 0.2453125 0.10625 0.078125
0 0.8125 0.284375 0.078125 0.078125
0 0.5453125 0.0890625 0.059375 0.059375
0 0.6015625 0.115625 0.05625 0.05625
0 0.54765625 0.0125 0.0390625 0.025
0 0.621875 0.00859375 0.059375 0.0171875
0 0.4078125 0.9203125 0.0625 0.0625
0 0.3 0.61875 0.034375 0.03125
0 0.1515625 0.60546875 0.15625 0.0328125
0 0.8390625 0.615625 0.096875 0.053125
0 0.6796875 0.9015625 0.0375 0.04375
0 0.84375 0.634375 0.03125 0.028125
0 0.5390625 0.653125 0.025 0.040625