0 0.00625 0.428125 0.0109375 0.046875
0 0.40625 0.5703125 0.04375 0.04375
0 0.2125 0.478125 0.034375 0.034375
0 0.2375 0.55 0.046875 0.046875
0 0.25625 0.615625 0.0953125 0.0265625
0 0.459375 0.5765625 0.05625 0.05625
0 0.35625 0.39375 0.1828125 0.1828125
0 0.546875 0.6 0.1046875 0.0609375
0 0.1421875 0.590625 0.04375 0.04375
0 0.3328125 0.6046875 0.06875 0.05
0 0.153125 0.5875 0.08125 0.08125
0 0.4421875 0.484375 0.0625 0.0625
0 0.315625 0.5875 0.128125 0.0859375
0 0.775 0.446875 0.0953125 0.090625
0 0.9875 0.053125 0.025 0.0859375
0 0.9 0.40625 0.0625 0.0625
0 0.971875 0.04375 0.05625 0.0875
0 0.2078125 0.703125 0.090625 0.090625
0 0.4375 0.65 0.065625 0.040625
0 0.2796875 0.71875 0.209375 0.1765625
0 0.43125 0.6875 0.146875 0.1171875
0 0.303125 0.7515625 0.0859375 0.0859375
0 0.8328125 0.80625 0.0859375 0.0859375
0 0.934375 0.9484375 0.0640625 0.0640625
0 0.7953125 0.9734375 0.065625 0.053125