0 0.8953125 0.625 0.0328125 0.0390625
0 0.7640625 0.6328125 0.0296875 0.028125
0 0.334375 0.53125 0.025 0.0265625
0 0.5484375 0.5546875 0.021875 0.0203125
0 0.4890625 0.6046875 0.0390625 0.028125
0 0.4203125 0.6796875 0.0578125 0.0609375
0 0.04375 0.5234375 0.078125 0.0859375
0 0.2859375 0.5078125 0.040625 0.0296875
0 0.471875 0.4078125 0.15 0.0953125
0 0.184375 0.4953125 0.09375 0.0546875
0 0.146875 0.6078125 0.0734375 0.0703125
0 0.5484375 0.6875 0.0296875 0.0328125
0 0.1578125 0.596875 0.0546875 0.046875
0 0.0140625 0.1015625 0.028125 0.015625
0 0.375 0.60625 0.0515625 0.040625
0 0.959375 0.590625 0.0390625 0.0328125
0 0.540625 0.68125 0.05 0.0484375
0 0.58125 0.81875 0.025 0.025
0 0.1078125 0.55625 0.040625 0.03125
0 0.8359375 0.5859375 0.01875 0.01875
0 0.35 0.4390625 0.0375 0.0390625
0 0.3953125 0.6046875 0.1109375 0.05