0 0.2921875 0.3 0.04375 0.04375
0 0.0984375 0.2078125 0.034375 0.034375
0 0.1234375 0.2796875 0.05 0.05
0 0.1421875 0.3453125 0.0625 0.0625
0 0.3453125 0.30625 0.05625 0.05625
0 0.2421875 0.1234375 0.18125 0.18125
0 0.4328125 0.3296875 0.084375 0.084375
0 0.028125 0.3203125 0.04375 0.04375
0 0.21875 0.334375 0.0625 0.0625
0 0.040625 0.3171875 0.08125 0.084375
0 0.328125 0.2140625 0.065625 0.065625
0 0.2015625 0.3171875 0.1125 0.1125
0 0.09375 0.41171875 0.096875 0.0546875
0 0.3234375 0.3796875 0.065625 0.04375
0 0.165625 0.39609375 0.221875 0.0859375
0 0.3171875 0.39453125 0.134375 0.0890625
0 0.1640625 0.6078125 0.025 0.025
0 0.525 0.98828125 0.040625 0.0234375
0 0.4625 0.9578125 0.021875 0.025
0 0.025 0.7421875 0.040625 0.0375
0 0.9078125 0.5390625 0.059375 0.059375
0 0.8625 0.4625 0.046875 0.04375
0 0.9234375 0.8109375 0.034375 0.034375
0 0.8875 0.6828125 0.05 0.05