0 0.1125 0.1359375 0.046875 0.04375
0 0.0203125 0.3296875 0.034375 0.034375
0 0.0921875 0.3046875 0.05 0.05
0 0.1578125 0.2859375 0.025 0.09375
0 0.11875 0.0828125 0.059375 0.059375
0 0.1421875 0.01875 0.084375 0.0375
0 0.1328125 0.39375 0.04375 0.03125
0 0.146875 0.209375 0.059375 0.059375
0 0.1296875 0.37890625 0.08125 0.0609375
0 0.03046875 0.1 0.0609375 0.065625
0 0.1296875 0.2265625 0.0875 0.128125
0 0.2453125 0.334375 0.09375 0.0921875
0 0.1921875 0.1046875 0.05625 0.05625
0 0.2609375 0.2625 0.2 0.2
0 0.2296875 0.1109375 0.11875 0.146875
0 0.29375 0.2390625 0.090625 0.0875
0 0.5453125 0.0078125 0.025 0.015625
0 0.6140625 0.2875 0.028125 0.025
0 0.0140625 0.734375 0.028125 0.05
0 0.0203125 0.846875 0.034375 0.0375
0 0.046875 0.428125 0.059375 0.0375