0 0.328125 0.3453125 0.0375 0.034375
0 0.3203125 0.2140625 0.028125 0.028125
0 0.3984375 0.0046875 0.021875 0.009375
0 0.265625 0.00703125 0.03125 0.0140625
0 0.271875 0.00859375 0.053125 0.0171875
0 0.134375 0.03125 0.025 0.025
0 0.3671875 0.2859375 0.01875 0.01875
0 0.5640625 0.340625 0.05625 0.053125
0 0.8109375 0.153125 0.065625 0.065625
0 0.8328125 0.240625 0.059375 0.059375
0 0.8328125 0.3234375 0.0375 0.040625
0 0.984375 0.203125 0.03125 0.065625
0 0.5734375 0.340625 0.09375 0.05625
0 0.465625 0.6375 0.046875 0.121875
0 0.59375 0.375 0.159375 0.0125
0 0.7875 0.38359375 0.109375 0.0296875