0 0.421875 0.2546875 0.040625 0.0375
0 0.390625 0.084375 0.046875 0.046875
0 0.4 0.125 0.05 0.05
0 0.5078125 0.1 0.04375 0.04375
0 0.0703125 0.74375 0.071875 0.075
0 0.175 0.753125 0.071875 0.034375
0 0.24375 0.8953125 0.046875 0.046875
0 0.1328125 0.984375 0.040625 0.03125
0 0.0515625 0.834375 0.103125 0.06875
0 0.9140625 0.5015625 0.040625 0.040625
0 0.98828125 0.8515625 0.0234375 0.084375
0 0.846875 0.9390625 0.0875 0.0875
0 0.7609375 0.96015625 0.11875 0.0796875
0 0.7640625 0.96875 0.18125 0.0625
0 0.884375 0.7390625 0.0578125 0.0578125
0 0.784375 0.8703125 0.065625 0.065625