0 0.428125 0.3296875 0.071875 0.059375
0 0.55234375 0.25625 0.0546875 0.08125
0 0.3953125 0.225 0.034375 0.034375
0 0.9921875 0.5640625 0.015625 0.040625
0 0.9359375 0.459375 0.0625 0.0625
0 0.8 0.4921875 0.0625 0.0625
0 0.890625 0.4796875 0.1625 0.1625
0 0.7390625 0.39140625 0.04375 0.0234375
0 0.709375 0.5015625 0.065625 0.065625
0 0.703125 0.5234375 0.053125 0.1203125
0 0.684375 0.83125 0.0484375 0.0484375
0 0.60390625 0.884375 0.0484375 0.0875
0 0.83125 0.725 0.0546875 0.046875
0 0.60078125 0.7953125 0.0421875 0.05625