0 0.3265625 0.265625 0.05 0.053125
0 0.01171875 0.325 0.0234375 0.053125
0 0.0875 0.321875 0.078125 0.078125
0 0.2515625 0.340625 0.059375 0.040625
0 0.11875 0.23125 0.059375 0.065625
0 0.1609375 0.35 0.040625 0.04375
0 0.4421875 0.259375 0.034375 0.053125
0 0.48125 0.21875 0.078125 0.078125
0 0.2078125 0.615625 0.059375 0.059375
0 0.025 0.60625 0.04375 0.04375
0 0.7484375 0.0953125 0.046875 0.05
0 0.97578125 0.1015625 0.0484375 0.11875
0 0.8453125 0.5515625 0.053125 0.053125
0 0.3375 0.890625 0.04375 0.04375
0 0.421875 0.8703125 0.028125 0.04375
0 0.50625 0.8375 0.0375 0.065625
0 0.253125 0.69140625 0.034375 0.0453125
0 0.0265625 0.67890625 0.040625 0.0203125
0 0.5046875 0.740625 0.028125 0.053125
0 0.58515625 0.8546875 0.0296875 0.040625
0 0.3375 0.80625 0.028125 0.05625
0 0.6578125 0.9671875 0.03125 0.03125
0 0.653125 0.69609375 0.065625 0.0546875