0 0.484375 0.2734375 0.0109375 0.040625
0 0.3390625 0.0078125 0.028125 0.015625
0 0.053125 0.053125 0.025 0.025
0 0.1859375 0.1109375 0.021875 0.021875
0 0.075 0.00625 0.021875 0.0125
0 0.49375 0.1859375 0.009375 0.025
0 0.103125 0.828125 0.04375 0.04375
0 0.390625 0.653125 0.0484375 0.0484375
0 0.284375 0.45625 0.01875 0.021875
0 0.4421875 0.703125 0.0484375 0.0484375
0 0.265625 0.396875 0.028125 0.025
0 0.428125 0.834375 0.034375 0.0390625
0 0.303125 0.378125 0.075 0.028125
0 0.2125 0.378125 0.0328125 0.0296875
0 0.828125 0.95 0.1328125 0.0984375