0 0.1734375 0.3890625 0.0375 0.040625
0 0.446875 0.40625 0.05625 0.040625
0 0.56875 0.415625 0.046875 0.028125
0 0.75625 0.5 0.071875 0.059375
0 0.5296875 0.775 0.0375 0.0375
0 0.54375 0.98828125 0.046875 0.0234375
0 0.71328125 0.55234375 0.0578125 0.0453125
0 0.909375 0.653125 0.0828125 0.0578125
0 0.896875 0.5375 0.04375 0.015625
0 0.9140625 0.634375 0.08125 0.0984375
0 0.76796875 0.9078125 0.1671875 0.184375
0 0.86171875 0.94765625 0.1078125 0.1046875
0 0.72890625 0.94375 0.0984375 0.1125
0 0.82734375 0.90390625 0.1953125 0.1921875