0 0.209375 0.03046875 0.08125 0.0609375
0 0.0453125 0.0359375 0.03125 0.03125
0 0.40625 0.04140625 0.028125 0.0828125
0 0.4390625 0.0765625 0.0375 0.0375
0 0.0234375 0.34375 0.046875 0.046875
0 0.75 0.0859375 0.06875 0.06875
0 0.859375 0.1765625 0.08125 0.08125
0 0.5703125 0.0359375 0.040625 0.05
0 0.809375 0.034375 0.053125 0.05625
0 0.728125 0.0578125 0.040625 0.0375
0 0.1125 0.7359375 0.06875 0.06875
0 0.05 0.8109375 0.05625 0.05625
0 0.0578125 0.6671875 0.059375 0.059375
0 0.9421875 0.5625 0.1 0.046875