0 0.453125 0.02890625 0.05625 0.0578125
0 0.44375 0.375 0.025 0.025
0 0.9078125 0.4546875 0.0640625 0.0640625
0 0.69296875 0.396875 0.0671875 0.059375
0 0.696875 0.4140625 0.059375 0.0609375
0 0.646875 0.6015625 0.025 0.08125
0 0.184375 0.759375 0.078125 0.078125
0 0.56796875 0.9484375 0.0390625 0.103125
0 0.1875 0.6078125 0.05 0.0640625
0 0.1734375 0.865625 0.0328125 0.05625
0 0.16875 0.97734375 0.03125 0.0453125
0 0.603125 0.6546875 0.046875 0.0421875
0 0.5828125 0.71875 0.0265625 0.08125
0 0.7484375 0.8078125 0.0375 0.0484375
0 0.69375 0.77890625 0.06875 0.0390625
0 0.9078125 0.90625 0.0671875 0.065625