0 0.5359375 0.1953125 0.125 0.125
0 0.4359375 0.3859375 0.075 0.075
0 0.4828125 0.3453125 0.084375 0.0875
0 0.4625 0.4640625 0.059375 0.05
0 0.5359375 0.45 0.065625 0.046875
0 0.6203125 0.2953125 0.0265625 0.0578125
0 0.9203125 0.0765625 0.034375 0.034375
0 0.6125 0.0328125 0.009375 0.0265625
0 0.7140625 0.01875 0.075 0.0375
0 0.7703125 0.5171875 0.1890625 0.0578125
0 0.04375 0.6671875 0.059375 0.15625
0 0.103125 0.65859375 0.06875 0.1390625
0 0.16875 0.64375 0.04375 0.109375
0 0.23046875 0.6296875 0.0703125 0.08125
0 0.3046875 0.6171875 0.059375 0.05625
0 0.790625 0.746875 0.028125 0.03125