0 0.309375 0.27890625 0.059375 0.0203125
0 0.475 0.2171875 0.046875 0.046875
0 0.53828125 0.275 0.0953125 0.028125
0 0.19140625 0.30625 0.0953125 0.034375
0 0.03515625 0.32890625 0.0703125 0.0796875
0 0.1625 0.7046875 0.065625 0.03125
0 0.03515625 0.7328125 0.0703125 0.0625
0 0.6890625 0.953125 0.05 0.053125
0 0.703125 0.95625 0.009375 0.046875
0 0.7328125 0.6765625 0.040625 0.040625
0 0.8578125 0.346875 0.096875 0.09375
0 0.8203125 0.5109375 0.1 0.1
0 0.85 0.4390625 0.0515625 0.0515625
0 0.8484375 0.5421875 0.075 0.025
0 0.9046875 0.3984375 0.0390625 0.0375