0 0.0765625 0.4734375 0.040625 0.040625
0 0.55625 0.096875 0.0875 0.084375
0 0.7734375 0.2421875 0.065625 0.06875
0 0.69375 0.603125 0.034375 0.0125
0 0.7765625 0.4078125 0.0265625 0.03125
0 0.7796875 0.5171875 0.0265625 0.040625
0 0.746875 0.3875 0.034375 0.059375
0 0.859375 0.59453125 0.03125 0.0296875
0 0.8609375 0.3515625 0.075 0.0578125
0 0.6375 0.321875 0.0390625 0.075
0 0.6984375 0.64609375 0.0875 0.0734375
0 0.3375 0.821875 0.0375 0.053125
0 0.5015625 0.8921875 0.021875 0.00625
0 0.3453125 0.6734375 0.0359375 0.028125
0 0.4109375 0.6203125 0.028125 0.021875
0 0.55234375 0.61796875 0.0515625 0.0171875