0 0.1515625 0.028125 0.053125 0.05625
0 0.153125 0.4546875 0.04375 0.046875
0 0.1734375 0.309375 0.053125 0.053125
0 0.1671875 0.3375 0.046875 0.090625
0 0.64375 0.315625 0.15 0.04375
0 0.73125 0.2703125 0.084375 0.059375
0 0.5734375 0.0828125 0.009375 0.059375
0 0.4859375 0.678125 0.06875 0.05625
0 0.3484375 0.7515625 0.0625 0.103125
0 0.1125 0.8171875 0.0375 0.0375
0 0.1359375 0.9609375 0.053125 0.025
0 0.51875 0.7828125 0.0328125 0.0375
0 0.7765625 0.8640625 0.04375 0.04375
0 0.98359375 0.8390625 0.0328125 0.04375
0 0.7328125 0.8390625 0.05625 0.05625
0 0.6953125 0.978125 0.1 0.04375