0 0.5421875 0.040625 0.075 0.08125
0 0.45625 0.35 0.0375 0.0375
0 0.165625 0.0734375 0.0796875 0.0546875
0 0.559375 0.7 0.040625 0.1265625
0 0.3890625 0.7875 0.0875 0.0875
0 0.303125 0.828125 0.11875 0.11875
0 0.3046875 0.93125 0.1078125 0.11875
0 0.53125 0.8875 0.03125 0.03125
0 0.30625 0.878125 0.18125 0.1828125
0 0.4265625 0.5875 0.0578125 0.0578125
0 0.3265625 0.71875 0.065625 0.065625
0 0.8703125 0.890625 0.0375 0.0375
0 0.821875 0.975 0.0921875 0.0484375
0 0.84375 0.975 0.0578125 0.0484375
0 0.80625 0.7953125 0.0375 0.0375