0 0.384375 0.2 0.053125 0.0515625
0 0.33125 0.146875 0.04375 0.0453125
0 0.2875 0.3625 0.0359375 0.034375
0 0.9265625 0.2421875 0.0625 0.0546875
0 0.8109375 0.1078125 0.034375 0.034375
0 0.746875 0.309375 0.034375 0.0359375
0 0.6328125 0.3375 0.034375 0.034375
0 0.64375 0.19375 0.025 0.025
0 0.6859375 0.340625 0.0265625 0.0265625
0 0.97734375 0.06171875 0.0453125 0.0640625
0 0.1125 0.7 0.05 0.05
0 0.0796875 0.803125 0.1 0.0984375
0 0.9609375 0.690625 0.078125 0.0875
0 0.94921875 0.74296875 0.1015625 0.1421875
0 0.865625 0.846875 0.065625 0.0625