0 0.446875 0.03125 0.06875 0.0609375
0 0.2109375 0.125 0.1296875 0.1296875
0 0.7125 0.29375 0.0515625 0.053125
0 0.55 0.0125 0.0453125 0.0234375
0 0.30625 0.1 0.06875 0.06875
0 0.696875 0.29375 0.0734375 0.0734375
0 0.6609375 0.384375 0.065625 0.065625
0 0.953125 0.2375 0.0921875 0.10625
0 0.971875 0.2578125 0.05625 0.05625
0 0.7796875 0.1625 0.08125 0.0890625
0 0.6609375 0.675 0.034375 0.0359375
0 0.59375 0.771875 0.08125 0.08125
0 0.65 0.74375 0.053125 0.053125
0 0.4828125 0.7890625 0.053125 0.053125
0 0.2125 0.903125 0.05625 0.0546875
0 0.809375 0.55625 0.0453125 0.0125