0 0.046875 0.471875 0.05625 0.053125
0 0.44296875 0.659375 0.0515625 0.059375
0 0.0625 0.471875 0.078125 0.078125
0 0.0984375 0.38125 0.06875 0.06875
0 0.0125 0.603125 0.025 0.090625
0 0.0984375 0.090625 0.034375 0.034375
0 0.165625 0.01796875 0.084375 0.0359375
0 0.109375 0.02421875 0.053125 0.0484375
0 0.765625 0.5546875 0.1125 0.1125
0 0.5046875 0.43046875 0.071875 0.0765625
0 0.709375 0.3546875 0.09375 0.078125
0 0.5078125 0.46484375 0.078125 0.1046875
0 0.6421875 0.16328125 0.346875 0.3265625
0 0.6359375 0.184375 0.321875 0.321875
0 0.0203125 0.9140625 0.040625 0.065625