0 0.2171875 0.021875 0.10625 0.04375
0 0.2265625 0.371875 0.190625 0.1875
0 0.2046875 0.1484375 0.096875 0.125
0 0.1828125 0.3734375 0.046875 0.046875
0 0.978125 0.0421875 0.04375 0.071875
0 0.97421875 0.1609375 0.0515625 0.0875
0 0.7296875 0.271875 0.1125 0.059375
0 0.00625 0.946875 0.0125 0.059375
0 0.2546875 0.9625 0.034375 0.034375
0 0.1265625 0.9265625 0.053125 0.046875
0 0.4 0.5390625 0.08125 0.08125
0 0.40390625 0.628125 0.1078125 0.140625
0 0.5234375 0.4921875 0.084375 0.025
0 0.35703125 0.5296875 0.0140625 0.05625
0 0.3765625 0.6515625 0.053125 0.06875
0 0.98828125 0.8140625 0.0234375 0.05625
0 0.946875 0.771875 0.05 0.05
0 0.7515625 0.590625 0.03125 0.03125
0 0.7453125 0.703125 0.0609375 0.0609375