0 0.5875 0.4109375 0.115625 0.0375
0 0.1125 0.02421875 0.225 0.0484375
0 0.3609375 0.059375 0.284375 0.11875
0 0.4109375 0.4390625 0.13125 0.0875
0 0.3890625 0.4515625 0.075 0.075
0 0.0265625 0.02734375 0.053125 0.0546875
0 0.4890625 0.05390625 0.2875 0.1078125
0 0.0640625 0.48125 0.1 0.053125
0 0.9234375 0.396875 0.05625 0.05625
0 0.8609375 0.34375 0.025 0.021875
0 0.1125 0.7828125 0.225 0.3625
0 0.10234375 0.8703125 0.2046875 0.259375
0 0.53046875 0.6078125 0.0703125 0.05625
0 0.3046875 0.671875 0.078125 0.078125
0 0.315625 0.6734375 0.046875 0.05
0 0.3625 0.6375 0.046875 0.046875
0 0.6578125 0.9703125 0.015625 0.04375