0 0.396875 0.30390625 0.034375 0.0109375
0 0.3921875 0.0234375 0.040625 0.03125
0 0.29375 0.8671875 0.05 0.05
0 0.89296875 0.98359375 0.1390625 0.0328125
0 0.8578125 0.69375 0.078125 0.078125
0 0.8984375 0.646875 0.08125 0.084375
0 0.7796875 0.6671875 0.05625 0.053125
0 0.79375 0.59375 0.046875 0.065625
0 0.77578125 0.9875 0.0453125 0.025
0 0.8078125 0.775 0.0671875 0.06875
0 0.790625 0.8921875 0.071875 0.1
0 0.7328125 0.7875 0.04375 0.103125
0 0.4359375 0.64375 0.0453125 0.040625
0 0.4828125 0.71875 0.034375 0.03125
0 0.6140625 0.76875 0.05625 0.04375
0 0.9484375 0.509375 0.0578125 0.0265625
0 0.72578125 0.38125 0.0578125 0.14375