0 0.453125 0.2734375 0.153125 0.1703125
0 0.340625 0.08125 0.0203125 0.0640625
0 0.3625 0.01875 0.0578125 0.0359375
0 0.409375 0.096875 0.075 0.090625
0 0.959375 0.3625 0.0796875 0.21875
0 0.5125 0.453125 0.1234375 0.1546875
0 0.9859375 0.421875 0.028125 0.1578125
0 0.80625 0.046875 0.15 0.09375
0 0.884375 0.1234375 0.11875 0.1328125
0 0.43125 0.184375 0.0625 0.065625
0 0.90625 0.165625 0.159375 0.2
0 0.5453125 0.378125 0.065625 0.0796875
0 0.571875 0.428125 0.1203125 0.1734375
0 0.90625 0.234375 0.1875 0.3890625
0 0.609375 0.6625 0.1046875 0.1046875
0 0.51875 0.63125 0.0625 0.065625
0 0.6421875 0.7734375 0.0640625 0.0765625
0 0.7296875 0.6625 0.071875 0.071875