0 0.2640625 0.121875 0.15625 0.175
0 0.1515625 0.3109375 0.04375 0.0375
0 0.2203125 0.290625 0.078125 0.078125
0 0.2421875 0.2109375 0.06875 0.06875
0 0.35625 0.0296875 0.06875 0.059375
0 0.3828125 0.028125 0.125 0.05625
0 0.98203125 0.103125 0.0359375 0.159375
0 0.896875 0.08125 0.06875 0.06875
0 0.965625 0.225 0.06875 0.10625
0 0.3703125 0.7390625 0.0375 0.0375
0 0.4640625 0.9421875 0.078125 0.078125
0 0.3453125 0.375 0.0625 0.05625
0 0.39375 0.396875 0.05625 0.05625
0 0.98828125 0.54375 0.0234375 0.065625