0 0.034375 0.3484375 0.05 0.05
0 0.8359375 0.2578125 0.059375 0.059375
0 0.378125 0.35078125 0.096875 0.0765625
0 0.5078125 0.3609375 0.0453125 0.0453125
0 0.28125 0.565625 0.0375 0.05
0 0.153125 0.528125 0.040625 0.040625
0 0.871875 0.846875 0.128125 0.115625
0 0.959375 0.9 0.08125 0.10625
0 0.9046875 0.94453125 0.15625 0.1109375
0 0.7125 0.9546875 0.24375 0.090625
0 0.665625 0.6125 0.078125 0.078125
0 0.6421875 0.4125 0.053125 0.046875
0 0.7125 0.4921875 0.053125 0.053125
0 0.471875 0.74375 0.0640625 0.0953125