0 0.2234375 0.4796875 0.040625 0.04375
0 0.915625 0.284375 0.159375 0.159375
0 0.7328125 0.21875 0.065625 0.06875
0 0.728125 0.3171875 0.05 0.0421875
0 0.71875 0.228125 0.0421875 0.0453125
0 0.7234375 0.1546875 0.0421875 0.0421875
0 0.9953125 0.384375 0.009375 0.05
0 0.88984375 0.48515625 0.1171875 0.0484375
0 0.93125 0.43125 0.046875 0.0453125
0 0.05625 0.73125 0.040625 0.04375
0 0.090625 0.521875 0.03125 0.025
0 0.97734375 0.596875 0.0453125 0.109375
0 0.9421875 0.5234375 0.065625 0.028125
0 0.6515625 0.9109375 0.04375 0.06875
0 0.64296875 0.828125 0.0265625 0.103125
0 0.6421875 0.89921875 0.025 0.0640625