0 0.2390625 0.278125 0.053125 0.05
0 0.465625 0.371875 0.028125 0.03125
0 0.26875 0.4765625 0.078125 0.046875
0 0.3765625 0.778125 0.03125 0.03125
0 0.04375 0.634375 0.0390625 0.0390625
0 0.146875 0.69375 0.03125 0.03125
0 0.0375 0.790625 0.0234375 0.0234375
0 0.109375 0.6546875 0.025 0.025
0 0.94375 0.771875 0.1109375 0.1671875
0 0.9 0.5453125 0.059375 0.059375
0 0.8140625 0.53125 0.0625 0.0609375
0 0.85625 0.621875 0.090625 0.090625
0 0.525 0.853125 0.0921875 0.2140625
0 0.5609375 0.9671875 0.10625 0.065625
0 0.90625 0.6953125 0.05625 0.0625
0 0.57734375 0.97109375 0.1328125 0.0578125
0 0.975 0.909375 0.05 0.0796875
0 0.975 0.9359375 0.0484375 0.128125
0 0.6046875 0.95625 0.203125 0.0859375