0 0.1296875 0.409375 0.03125 0.03125
0 0.5953125 0.278125 0.084375 0.01875
0 0.5 0.0125 0.021875 0.025
0 0.8890625 0.0890625 0.03125 0.034375
0 0.646875 0.059375 0.071875 0.06875
0 0.146875 0.9859375 0.040625 0.028125
0 0.025 0.98203125 0.05 0.0359375
0 0.0671875 0.6109375 0.046875 0.046875
0 0.1609375 0.5734375 0.06875 0.065625
0 0.778125 0.8484375 0.04375 0.103125
0 0.91875 0.8765625 0.125 0.125
0 0.65 0.8828125 0.053125 0.05
0 0.95 0.48359375 0.08125 0.0484375
0 0.871875 0.98984375 0.034375 0.0203125
0 0.8203125 0.8109375 0.05 0.05
0 0.8984375 0.628125 0.0953125 0.1328125