0 0.2734375 0.246875 0.140625 0.0875
0 0.3046875 0.37734375 0.121875 0.0453125
0 0.365625 0.1796875 0.071875 0.0625
0 0.853125 0.1453125 0.053125 0.053125
0 0.9375 0.184375 0.04375 0.0453125
0 0.728125 0.2765625 0.05 0.05
0 0.5109375 0.3734375 0.028125 0.034375
0 0.3859375 0.4875 0.090625 0.090625
0 0.03515625 0.875 0.0703125 0.075
0 0.75625 0.98984375 0.053125 0.0203125
0 0.8015625 0.98515625 0.06875 0.0296875
0 0.84375 0.615625 0.13125 0.13125
0 0.5203125 0.8734375 0.065625 0.065625
0 0.4875 0.9671875 0.05625 0.05625