0 0.4203125 0.21875 0.071875 0.071875
0 0.3703125 0.25 0.0765625 0.0765625
0 0.215625 0.05625 0.0546875 0.0546875
0 0.3109375 0.33125 0.11875 0.0375
0 0.3609375 0.021875 0.071875 0.04375
0 0.4 0.10625 0.0421875 0.0421875
0 0.7515625 0.09375 0.0375 0.0375
0 0.79375 0.209375 0.0296875 0.0296875
0 0.9453125 0.209375 0.0265625 0.0265625
0 0.584375 0.171875 0.096875 0.0875
0 0.584375 0.2265625 0.0296875 0.0296875
0 0.8203125 0.2859375 0.05 0.0453125
0 0.209375 0.671875 0.0609375 0.0625
0 0.2 0.8859375 0.06875 0.06875
0 0.03125 0.81171875 0.0625 0.1015625
0 0.059375 0.834375 0.0359375 0.0375
0 0.3296875 0.9609375 0.053125 0.0609375
0 0.8203125 0.41875 0.06875 0.06875
0 0.978125 0.471875 0.0421875 0.09375
0 0.859375 0.9671875 0.05 0.0484375