0 0.4421875 0.0828125 0.125 0.165625
0 0.6359375 0.1234375 0.078125 0.08125
0 0.78125 0.6390625 0.046875 0.046875
0 0.425 0.5484375 0.071875 0.071875
0 0.55625 0.5109375 0.040625 0.040625
0 0.79375 0.375 0.04375 0.046875
0 0.66875 0.3015625 0.05 0.034375
0 0.5703125 0.4015625 0.059375 0.059375
0 0.615625 0.49375 0.0828125 0.0453125
0 0.5125 0.4578125 0.1015625 0.071875
0 0.5828125 0.4546875 0.0359375 0.0390625
0 0.490625 0.4515625 0.0609375 0.0640625
0 0.5921875 0.5609375 0.0515625 0.0515625
0 0.2359375 0.95859375 0.0875 0.0828125
0 0.56875 0.98828125 0.1125 0.0234375
0 0.5734375 0.909375 0.075 0.075
0 0.6 0.815625 0.05625 0.053125