0 0.1578125 0.1515625 0.078125 0.078125
0 0.58515625 0.2734375 0.0515625 0.0875
0 0.64921875 0.39609375 0.1015625 0.0453125
0 0.6203125 0.1109375 0.0953125 0.1328125
0 0.6828125 0.35 0.0375 0.1078125
0 0.1671875 0.83125 0.05625 0.05625
0 0.02890625 0.465625 0.0578125 0.090625
0 0.2015625 0.8703125 0.078125 0.053125
0 0.0484375 0.6875 0.09375 0.09375
0 0.3171875 0.96015625 0.090625 0.0796875
0 0.4859375 0.940625 0.11875 0.11875
0 0.31953125 0.9734375 0.0453125 0.053125
0 0.8640625 0.6125 0.16875 0.16875
0 0.8859375 0.465625 0.075 0.075
0 0.7421875 0.5515625 0.103125 0.1
0 0.95390625 0.69375 0.0921875 0.1
0 0.98828125 0.771875 0.0234375 0.075
0 0.9078125 0.95625 0.0875 0.0875