0 0.18046875 0.22734375 0.0390625 0.1015625
0 0.8921875 0.4875 0.08125 0.08125
0 0.83125 0.4203125 0.08125 0.06875
0 0.784375 0.3328125 0.05 0.05
0 0.7828125 0.378125 0.065625 0.065625
0 0.39375 0.4203125 0.1125 0.1421875
0 0.9625 0.2890625 0.0390625 0.0390625
0 0.6515625 0.096875 0.0625 0.0625
0 0.7453125 0.0640625 0.05625 0.05625
0 0.17734375 0.8921875 0.0453125 0.128125
0 0.0453125 0.878125 0.090625 0.115625
0 0.02109375 0.6859375 0.0421875 0.053125
0 0.0078125 0.7671875 0.015625 0.04375
0 0.02421875 0.6953125 0.0484375 0.078125
0 0.03125 0.728125 0.0625 0.115625
0 0.346875 0.659375 0.0625 0.0625