0 0.021875 0.196875 0.04375 0.025
0 0.184375 0.0890625 0.05 0.05
0 0.96484375 0.178125 0.0703125 0.053125
0 0.9328125 0.18125 0.121875 0.05625
0 0.2109375 0.4890625 0.09375 0.09375
0 0.1921875 0.334375 0.13125 0.13125
0 0.1203125 0.35 0.04375 0.040625
0 0.0671875 0.2734375 0.046875 0.046875
0 0.046875 0.4765625 0.078125 0.0890625
0 0.42890625 0.4046875 0.2390625 0.121875
0 0.59375 0.4171875 0.071875 0.071875
0 0.6828125 0.5125 0.059375 0.096875
0 0.4578125 0.4828125 0.059375 0.059375
0 0.4484375 0.5609375 0.178125 0.175