0 0.53125 0.5453125 0.11875 0.0875
0 0.609375 0.265625 0.153125 0.065625
0 0.6109375 0.5421875 0.090625 0.090625
0 0.6078125 0.3734375 0.090625 0.090625
0 0.1109375 0.3515625 0.0625 0.0625
0 0.03125 0.3375 0.053125 0.053125
0 0.8 0.09375 0.05 0.08125
0 0.734375 0.2328125 0.05 0.05625
0 0.621875 0.6046875 0.109375 0.03125
0 0.5953125 0.9265625 0.03125 0.028125
0 0.24375 0.734375 0.046875 0.05
0 0.9140625 0.915625 0.05625 0.0375
0 0.9515625 0.7328125 0.065625 0.065625
0 0.7890625 0.8890625 0.046875 0.05