0 0.0609375 0.13125 0.05625 0.075
0 0.0625 0.35625 0.03125 0.03125
0 0.24375 0.3671875 0.04375 0.05
0 0.340625 0.2125 0.021875 0.0875
0 0.434375 0.15 0.0875 0.0875
0 0.29375 0.5703125 0.034375 0.034375
0 0.30234375 0.96796875 0.0546875 0.0640625
0 0.228125 0.675 0.0625 0.0625
0 0.0921875 0.6421875 0.059375 0.059375
0 0.1828125 0.6546875 0.153125 0.153125
0 0.03125 0.7515625 0.0421875 0.0421875
0 0.01171875 0.63203125 0.0234375 0.0828125
0 0.0109375 0.61015625 0.021875 0.1203125
0 0.45 0.884375 0.08125 0.078125
0 0.3921875 0.6859375 0.03125 0.03125