0 0.2515625 0.45390625 0.1125 0.0515625
0 0.3703125 0.4625 0.15625 0.034375
0 0.434375 0.33125 0.259375 0.25625
0 0.02890625 0.284375 0.0578125 0.08125
0 0.1484375 0.090625 0.08125 0.08125
0 0.93125 0.14375 0.0125 0.0375
0 0.665625 0.390625 0.071875 0.178125
0 0.834375 0.075 0.078125 0.071875
0 0.4140625 0.96875 0.10625 0.0625
0 0.240625 0.815625 0.040625 0.04375
0 0.0328125 0.98125 0.053125 0.034375
0 0.428125 0.865625 0.04375 0.040625
0 0.06015625 0.90703125 0.1203125 0.1859375
0 0.98984375 0.70625 0.0203125 0.040625
0 0.91875 0.903125 0.071875 0.05
0 0.98984375 0.4875 0.0203125 0.015625
0 0.8296875 0.9015625 0.0671875 0.0484375
0 0.8859375 0.9015625 0.14375 0.05