0 0.490625 0.025 0.05625 0.05
0 0.45625 0.2515625 0.05 0.05625
0 0.2828125 0.01953125 0.1625 0.0390625
0 0.5609375 0.32421875 0.034375 0.0296875
0 0.078125 0.0375 0.04375 0.04375
0 0.03125 0.25 0.0625 0.065625
0 0.315625 0.02421875 0.1 0.0484375
0 0.1625 0.046875 0.075 0.034375
0 0.00703125 0.2609375 0.0140625 0.0375
0 0.95625 0.1234375 0.071875 0.046875
0 0.01875 0.5640625 0.021875 0.025
0 0.1171875 0.5 0.075 0.040625
0 0.053125 0.5046875 0.0375 0.03125
0 0.0875 0.846875 0.028125 0.028125
0 0.2265625 0.525 0.034375 0.034375
0 0.51875 0.5203125 0.03125 0.040625
0 0.9921875 0.90703125 0.015625 0.0453125
0 0.6671875 0.4625 0.015625 0.0375