0 0.28125 0.0515625 0.096875 0.096875
0 0.24375 0.053125 0.040625 0.053125
0 0.98046875 0.0703125 0.0390625 0.125
0 0.515625 0.090625 0.1375 0.140625
0 0.721875 0.3421875 0.01875 0.034375
0 0.55625 0.1015625 0.04375 0.04375
0 0.0703125 0.978125 0.05625 0.04375
0 0.1046875 0.7546875 0.053125 0.053125
0 0.26796875 0.98359375 0.1421875 0.0328125
0 0.00859375 0.68125 0.0171875 0.0375
0 0.2453125 0.9796875 0.096875 0.040625
0 0.559375 0.68125 0.0625 0.0625
0 0.521875 0.9359375 0.0375 0.040625
0 0.3625 0.821875 0.0375 0.046875
0 0.8765625 0.7703125 0.046875 0.05625