0 0.0265625 0.075 0.034375 0.034375
0 0.45703125 0.30625 0.0140625 0.05625
0 0.46953125 0.3203125 0.0390625 0.1
0 0.6421875 0.8921875 0.0375 0.0375
0 0.5640625 0.8421875 0.103125 0.121875
0 0.7265625 0.7734375 0.028125 0.028125
0 0.5453125 0.62109375 0.046875 0.0234375
0 0.515625 0.94375 0.034375 0.0328125
0 0.4703125 0.803125 0.0234375 0.025
0 0.759375 0.778125 0.046875 0.034375
0 0.45390625 0.73671875 0.0078125 0.0609375
0 0.7015625 0.8265625 0.021875 0.0359375
0 0.6703125 0.6328125 0.03125 0.0390625