0 0.6609375 0.190625 0.025 0.03125
0 0.9640625 0.9515625 0.071875 0.034375
0 0.534375 0.8078125 0.0375 0.0375
0 0.775 0.5609375 0.034375 0.034375
0 0.8171875 0.9640625 0.0375 0.009375
0 0.9796875 0.5296875 0.028125 0.028125
0 0.865625 0.6671875 0.0234375 0.0234375
0 0.6125 0.9578125 0.021875 0.0203125
0 0.6265625 0.6484375 0.0859375 0.0625
0 0.5953125 0.6046875 0.025 0.021875
0 0.678125 0.9609375 0.0390625 0.0140625
0 0.8 0.6640625 0.0171875 0.0171875
0 0.953125 0.7421875 0.01875 0.0171875
0 0.9078125 0.6078125 0.028125 0.025