0 0.90625 0.24921875 0.0375 0.0203125
0 0.9140625 0.01171875 0.03125 0.0234375
0 0.90234375 0.1984375 0.0359375 0.121875
0 0.459375 0.27734375 0.11875 0.0359375
0 0.02421875 0.78203125 0.0484375 0.0578125
0 0.19375 0.8859375 0.0703125 0.0703125
0 0.128125 0.915625 0.0484375 0.0484375
0 0.9734375 0.896875 0.053125 0.05625
0 0.7484375 0.8625 0.053125 0.046875
0 0.98125 0.68828125 0.0375 0.1640625
0 0.675 0.9671875 0.0328125 0.034375
0 0.9625 0.484375 0.040625 0.0421875
0 0.97890625 0.2921875 0.0421875 0.065625
0 0.75 0.428125 0.0609375 0.0765625
0 0.97734375 0.721875 0.0453125 0.096875
0 0.953125 0.56875 0.03125 0.075
0 0.7390625 0.4015625 0.0484375 0.028125