0 0.40625 0.234375 0.0453125 0.06875
0 0.659375 0.31875 0.084375 0.0640625
0 0.728125 0.278125 0.0953125 0.0921875
0 0.790625 0.0765625 0.05 0.053125
0 0.678125 0.0625 0.0453125 0.046875
0 0.03125 0.70625 0.0609375 0.0765625
0 0.95 0.9375 0.05 0.05
0 0.6828125 0.640625 0.0578125 0.0578125
0 0.646875 0.6375 0.1078125 0.065625
0 0.596875 0.859375 0.053125 0.053125
0 0.990625 0.4640625 0.01875 0.05
0 0.7 0.878125 0.1125 0.1046875
0 0.76875 0.9328125 0.05 0.04375
0 0.4703125 0.871875 0.0578125 0.0609375