0 0.2578125 0.19375 0.059375 0.059375
0 0.0109375 0.38125 0.021875 0.084375
0 0.1015625 0.315625 0.0375 0.0375
0 0.740625 0.4375 0.040625 0.040625
0 0.40625 0.8421875 0.1 0.1
0 0.375 0.9921875 0.015625 0.015625
0 0.453125 0.65625 0.09375 0.059375
0 0.49453125 0.634375 0.0484375 0.053125
0 0.146875 0.575 0.065625 0.065625
0 0.0203125 0.70234375 0.040625 0.0796875
0 0.18125 0.66875 0.0609375 0.0609375
0 0.0453125 0.60078125 0.090625 0.0953125
0 0.0609375 0.65625 0.121875 0.178125
0 0.8578125 0.90625 0.0515625 0.053125
0 0.9578125 0.6375 0.0546875 0.0546875
0 0.7625 0.853125 0.0640625 0.065625
0 0.875 0.6375 0.0375 0.0375
0 0.8390625 0.896875 0.09375 0.0953125