0 0.2359375 0.2625 0.034375 0.040625
0 0.48828125 0.0109375 0.0515625 0.021875
0 0.49375 0.3578125 0.125 0.0625
0 0.7875 0.03515625 0.078125 0.0703125
0 0.8875 0.0859375 0.0515625 0.053125
0 0.1875 0.7953125 0.134375 0.13125
0 0.303125 0.40078125 0.0375 0.0234375
0 0.378125 0.4546875 0.08125 0.078125
0 0.3203125 0.5921875 0.021875 0.021875
0 0.4328125 0.7203125 0.0515625 0.0515625
0 0.3484375 0.6953125 0.03125 0.03125
0 0.3453125 0.8484375 0.0375 0.0375
0 0.3359375 0.98828125 0.028125 0.0234375
0 0.6265625 0.9078125 0.0375 0.0375
0 0.5546875 0.8859375 0.0203125 0.0296875