0 0.3171875 0.0375 0.065625 0.065625
0 0.190625 0.478125 0.05 0.05
0 0.484375 0.46875 0.09375 0.09375
0 0.26875 0.521875 0.046875 0.046875
0 0.015625 0.409375 0.03125 0.05
0 0.3875 0.97890625 0.059375 0.0421875
0 0.01640625 0.890625 0.0328125 0.059375
0 0.34921875 0.95546875 0.1328125 0.0890625
0 0.3140625 0.95625 0.065625 0.0625
0 0.54375 0.3265625 0.03125 0.065625
0 0.54375 0.340625 0.03125 0.040625
0 0.54375 0.3140625 0.03125 0.090625
0 0.6359375 0.290625 0.04375 0.04375
0 0.9078125 0.259375 0.059375 0.059375