0 0.2 0.1265625 0.075 0.075
0 0.6015625 0.225 0.040625 0.05625
0 0.6375 0.5140625 0.165625 0.071875
0 0.596875 0.453125 0.08125 0.059375
0 0.8859375 0.521875 0.0453125 0.0296875
0 0.60390625 0.53359375 0.0953125 0.0328125
0 0.959375 0.1671875 0.0328125 0.0328125
0 0.5578125 0.1703125 0.046875 0.040625
0 0.165625 0.8125 0.08125 0.084375
0 0.184375 0.6125 0.0671875 0.0890625
0 0.2109375 0.646875 0.0296875 0.0265625
0 0.65 0.9 0.08125 0.1125
0 0.6640625 0.8921875 0.0515625 0.0734375
0 0.753125 0.6421875 0.0984375 0.0984375
0 0.746875 0.865625 0.0765625 0.075