0 0.4171875 0.109375 0.065625 0.0375
0 0.1609375 0.103125 0.034375 0.03125
0 0.0609375 0.021875 0.034375 0.0375
0 0.1609375 0.4484375 0.059375 0.096875
0 0.353125 0.421875 0.078125 0.078125
0 0.51640625 0.4484375 0.0453125 0.0625
0 0.525 0.35 0.028125 0.03125
0 0.9140625 0.0203125 0.05 0.040625
0 0.4046875 0.6078125 0.03125 0.028125
0 0.471875 0.5390625 0.015625 0.01875
0 0.49375 0.596875 0.021875 0.03125
0 0.00234375 0.634375 0.0046875 0.021875
0 0.5328125 0.80234375 0.0125 0.0359375
0 0.3984375 0.9765625 0.0171875 0.015625
0 0.52890625 0.75546875 0.0203125 0.0234375
0 0.5296875 0.79296875 0.01875 0.0671875
0 0.98984375 0.634375 0.0203125 0.0375
0 0.57734375 0.94140625 0.0765625 0.1171875