0 0.0609375 0.125 0.0875 0.090625
0 0.5859375 0.0390625 0.046875 0.05
0 0.5890625 0.1515625 0.046875 0.0375
0 0.3203125 0.35859375 0.065625 0.0171875
0 0.103125 0.36328125 0.20625 0.0265625
0 0.4015625 0.803125 0.034375 0.05625
0 0.04375 0.36484375 0.0875 0.0296875
0 0.1875 0.7953125 0.15 0.0578125
0 0.16875 0.7828125 0.2203125 0.0875
0 0.0359375 0.8296875 0.0453125 0.0453125
0 0.0640625 0.7640625 0.065625 0.0359375
0 0.2890625 0.7953125 0.0421875 0.053125
0 0.6390625 0.7453125 0.065625 0.065625
0 0.434375 0.6109375 0.03125 0.090625