0 0.259375 0.24375 0.040625 0.0375
0 0.8140625 0.178125 0.096875 0.134375
0 0.94375 0.34609375 0.1125 0.1078125
0 0.8 0.2609375 0.0609375 0.0609375
0 0.9765625 0.27265625 0.046875 0.0640625
0 0.6328125 0.0546875 0.0515625 0.05
0 0.2921875 0.6 0.084375 0.075
0 0.134375 0.95625 0.0390625 0.0765625
0 0.275 0.6046875 0.0546875 0.0734375
0 0.0953125 0.990625 0.03125 0.01875
0 0.0640625 0.44375 0.0453125 0.05625
0 0.890625 0.6734375 0.146875 0.14375
0 0.8171875 0.8671875 0.0625 0.0625
0 0.7453125 0.61875 0.084375 0.078125
0 0.7234375 0.9171875 0.05625 0.0578125