0 0.2609375 0.0953125 0.040625 0.040625
0 0.0078125 0.0421875 0.015625 0.0375
0 0.0734375 0.3921875 0.028125 0.03125
0 0.278125 0.4671875 0.065625 0.040625
0 0.05 0.0734375 0.021875 0.021875
0 0.028125 0.1484375 0.025 0.028125
0 0.7484375 0.58046875 0.121875 0.0390625
0 0.95859375 0.2234375 0.0828125 0.103125
0 0.5078125 0.8421875 0.15 0.15
0 0.7109375 0.8234375 0.10625 0.103125
0 0.47421875 0.8484375 0.1484375 0.240625
0 0.5734375 0.8328125 0.346875 0.1375
0 0.8859375 0.846875 0.06875 0.0421875
0 0.7640625 0.7625 0.040625 0.059375
0 0.88515625 0.67265625 0.2296875 0.0484375