0 0.6640625 0.5109375 0.0359375 0.040625
0 0.7171875 0.246875 0.0328125 0.0375
0 0.3671875 0.3234375 0.0296875 0.0265625
0 0.375 0.1828125 0.046875 0.046875
0 0.3984375 0.7828125 0.03125 0.0296875
0 0.85625 0.403125 0.0328125 0.0765625
0 0.2921875 0.528125 0.0390625 0.065625
0 0.6859375 0.3 0.021875 0.021875
0 0.334375 0.709375 0.0203125 0.0203125
0 0.2625 0.896875 0.028125 0.01875
0 0.8359375 0.8078125 0.03125 0.0328125
0 0.3015625 0.7515625 0.021875 0.0328125
0 0.9015625 0.10625 0.0375 0.0234375
0 0.834375 0.65 0.021875 0.0421875
0 0.6109375 0.278125 0.028125 0.0234375