0 0.6625 0.175 0.053125 0.078125
0 0.546875 0.053125 0.040625 0.03125
0 0.553125 0.1859375 0.040625 0.05
0 0.5625 0.2796875 0.025 0.028125
0 0.5125 0.45 0.065625 0.0375
0 0.8109375 0.4015625 0.09375 0.05
0 0.7875 0.209375 0.1 0.046875
0 0.8171875 0.040625 0.053125 0.046875
0 0.71875 0.034375 0.03125 0.028125
0 0.5390625 0.74375 0.03125 0.034375
0 0.2484375 0.734375 0.0875 0.084375
0 0.3015625 0.790625 0.046875 0.053125
0 0.778125 0.6234375 0.046875 0.04375
0 0.8125 0.65625 0.03125 0.03125
0 0.809375 0.8171875 0.0375 0.040625