0 0.0921875 0.55 0.065625 0.0625
0 0.2078125 0.671875 0.0375 0.0375
0 0.2015625 0.5390625 0.04375 0.053125
0 0.1921875 0.4453125 0.028125 0.028125
0 0.2421875 0.2515625 0.059375 0.08125
0 0.021875 0.3859375 0.040625 0.040625
0 0.0328125 0.69375 0.03125 0.0125
0 0.2328125 0.2375 0.046875 0.05
0 0.01640625 0.384375 0.0328125 0.059375
0 0.703125 0.425 0.028125 0.028125
0 0.2265625 0.796875 0.121875 0.121875
0 0.21875 0.95 0.103125 0.1
0 0.2265625 0.91875 0.071875 0.071875
0 0.665625 0.9828125 0.040625 0.034375