0 0.3640625 0.228125 0.05 0.0625
0 0.3421875 0.1765625 0.05 0.05
0 0.2328125 0.271875 0.071875 0.071875
0 0.7234375 0.3515625 0.059375 0.034375
0 0.8 0.146875 0.025 0.025
0 0.596875 0.2328125 0.0625 0.065625
0 0.5734375 0.0734375 0.03125 0.03125
0 0.5515625 0.2734375 0.021875 0.028125
0 0.4609375 0.33828125 0.05 0.0609375
0 0.41328125 0.01875 0.0203125 0.0375
0 0.73125 0.1625 0.0265625 0.0296875
0 0.578125 0.178125 0.0328125 0.040625
0 0.37734375 0.8328125 0.0234375 0.046875
0 0.16875 0.9375 0.090625 0.090625
0 0.165625 0.85625 0.084375 0.084375
0 0.40078125 0.99140625 0.0234375 0.0171875
0 0.803125 0.41328125 0.08125 0.0890625