0 0.684375 0.7171875 0.078125 0.0796875
0 0.3484375 0.7765625 0.053125 0.04375
0 0.7078125 0.784375 0.05 0.040625
0 0.3140625 0.690625 0.096875 0.0609375
0 0.03125 0.6890625 0.0609375 0.034375
0 0.4515625 0.7671875 0.0921875 0.0640625
0 0.153125 0.6875 0.0828125 0.078125
0 0.8171875 0.6890625 0.0546875 0.05
0 0.6328125 0.78125 0.03125 0.0421875
0 0.475 0.678125 0.0484375 0.0296875
0 0.1859375 0.784375 0.059375 0.034375
0 0.921875 0.6796875 0.1046875 0.0890625
0 0.0734375 0.2359375 0.146875 0.0890625