0 0.2609375 0.4296875 0.025 0.021875
0 0.2328125 0.56875 0.0375 0.03125
0 0.178125 0.1890625 0.096875 0.10625
0 0.18125 0.5375 0.06875 0.05625
0 0.315625 0.571875 0.028125 0.034375
0 0.0265625 0.0140625 0.053125 0.028125
0 0.459375 0.35 0.034375 0.034375
0 0.3921875 0.075 0.01875 0.015625
0 0.178125 0.81875 0.03125 0.028125
0 0.53125 0.8921875 0.05625 0.05625
0 0.5640625 0.7734375 0.05625 0.05625
0 0.6765625 0.7890625 0.053125 0.05625
0 0.5078125 0.9703125 0.0375 0.0375
0 0.8015625 0.95625 0.08125 0.0875
0 0.8765625 0.74453125 0.196875 0.1703125
0 0.87578125 0.7609375 0.2296875 0.203125