0 0.1984375 0.178125 0.0625 0.0625
0 0.409375 0.253125 0.05 0.053125
0 0.4078125 0.19375 0.103125 0.103125
0 0.453125 0.309375 0.046875 0.015625
0 0.065625 0.390625 0.13125 0.140625
0 0.353125 0.484375 0.15625 0.15
0 0.4234375 0.415625 0.1125 0.109375
0 0.3890625 0.44453125 0.259375 0.2296875
0 0.54765625 0.040625 0.0421875 0.0625
0 0.8140625 0.321875 0.034375 0.034375
0 0.8859375 0.5296875 0.025 0.021875
0 0.3328125 0.8328125 0.078125 0.078125
0 0.4 0.85625 0.046875 0.05
0 0.3828125 0.6 0.078125 0.078125
0 0.3046875 0.965625 0.05625 0.05625
0 0.396875 0.78125 0.04375 0.03125
0 0.29375 0.6234375 0.040625 0.040625
0 0.709375 0.71875 0.121875 0.121875