0 0.403125 0.26875 0.0625 0.0625
0 0.478125 0.4796875 0.0515625 0.0484375
0 0.41875 0.478125 0.0984375 0.0953125
0 0.534375 0.5234375 0.0109375 0.046875
0 0.059375 0.0203125 0.0609375 0.040625
0 0.615625 0.13125 0.1390625 0.1390625
0 0.7125 0.4234375 0.1484375 0.15
0 0.7328125 0.0296875 0.1 0.059375
0 0.640625 0.49375 0.109375 0.1109375
0 0.684375 0.459375 0.25 0.25
0 0.265625 0.628125 0.0609375 0.05625
0 0.31875 0.7265625 0.0921875 0.090625
0 0.09375 0.796875 0.0484375 0.046875
0 0.615625 0.7828125 0.06875 0.06875