0 0.1828125 0.1625 0.046875 0.046875
0 0.290625 0.3484375 0.034375 0.034375
0 0.221875 0.36875 0.040625 0.046875
0 0.1859375 0.4265625 0.0625 0.04375
0 0.5796875 0.078125 0.053125 0.05
0 0.534375 0.021875 0.04375 0.0375
0 0.5234375 0.18125 0.0375 0.053125
0 0.403125 0.5140625 0.028125 0.05
0 0.9328125 0.01328125 0.08125 0.0265625
0 0.9484375 0.4203125 0.0390625 0.040625
0 0.61796875 0.5578125 0.0234375 0.021875
0 0.9015625 0.03125 0.025 0.0234375
0 0.509375 0.08125 0.0265625 0.0234375
0 0.9140625 0.3984375 0.0578125 0.04375
0 0.53046875 0.02421875 0.0671875 0.0484375
0 0.034375 0.75078125 0.06875 0.1078125
0 0.0515625 0.6046875 0.078125 0.071875