0 0.1875 0.434375 0.05625 0.05
0 0.9078125 0.2125 0.05625 0.053125
0 0.853125 0.1640625 0.06875 0.06875
0 0.9296875 0.015625 0.140625 0.03125
0 0.9 0.0125 0.1 0.025
0 0.153125 0.909375 0.06875 0.06875
0 0.1921875 0.7375 0.03125 0.0328125
0 0.15 0.96875 0.0546875 0.0359375
0 0.15625 0.7984375 0.04375 0.0328125
0 0.6515625 0.8734375 0.059375 0.059375
0 0.925 0.93125 0.0875 0.090625
0 0.8203125 0.9453125 0.1140625 0.0609375
0 0.8640625 0.8796875 0.046875 0.0453125
0 0.7796875 0.9265625 0.0328125 0.0578125