0 0.203125 0.2828125 0.034375 0.034375
0 0.084375 0.0125 0.046875 0.025
0 0.075 0.04375 0.0515625 0.0515625
0 0.15 0.25625 0.0265625 0.028125
0 0.03125 0.028125 0.0421875 0.0421875
0 0.0859375 0.021875 0.06875 0.04375
0 0.0671875 0.040625 0.0875 0.08125
0 0.3625 0.334375 0.0546875 0.053125
0 0.0703125 0.5375 0.0953125 0.0890625
0 0.675 0.5328125 0.1515625 0.0875
0 0.575 0.65 0.09375 0.1125
0 0.85 0.9671875 0.08125 0.065625
0 0.6296875 0.590625 0.2875 0.2046875
0 0.453125 0.8625 0.059375 0.059375
0 0.978125 0.6296875 0.0421875 0.28125
0 0.73125 0.540625 0.3984375 0.103125