0 0.7828125 0.4984375 0.03125 0.0390625
0 0.94375 0.1546875 0.0296875 0.04375
0 0.31875 0.4015625 0.034375 0.03125
0 0.8765625 0.23125 0.034375 0.03125
0 0.1703125 0.8890625 0.0375 0.0328125
0 0.321875 0.5828125 0.0359375 0.0421875
0 0.9203125 0.46875 0.034375 0.0265625
0 0.0109375 0.7578125 0.021875 0.040625
0 0.640625 0.1875 0.0296875 0.028125
0 0.06875 0.25625 0.0390625 0.0421875
0 0.19375 0.3390625 0.0640625 0.0953125
0 0.4484375 0.7171875 0.0875 0.05625
0 0.3203125 0.5234375 0.034375 0.0640625
0 0.3203125 0.6234375 0.05 0.028125