0 0.3328125 0.125 0.16875 0.171875
0 0.2375 0.125 0.059375 0.059375
0 0.33125 0.140625 0.15625 0.103125
0 0.2046875 0.19375 0.08125 0.0625
0 0.378125 0.1 0.084375 0.084375
0 0.3125 0.503125 0.053125 0.053125
0 0.7234375 0.3875 0.059375 0.059375
0 0.13125 0.60703125 0.146875 0.1140625
0 0.3234375 0.58046875 0.11875 0.0609375
0 0.2109375 0.5984375 0.35 0.096875
0 0.09453125 0.63359375 0.1890625 0.1671875
0 0.415625 0.9734375 0.10625 0.053125
0 0.9875 0.940625 0.025 0.05625
0 0.98515625 0.8578125 0.0296875 0.05
0 0.48984375 0.9625 0.0421875 0.046875
0 0.53828125 0.98125 0.1390625 0.0375