0 0.059375 0.215625 0.1140625 0.078125
0 0.903125 0.303125 0.1703125 0.0796875
0 0.0421875 0.6765625 0.0421875 0.03125
0 0.9671875 0.7 0.0640625 0.0515625
0 0.78125 0.284375 0.075 0.065625
0 0.878125 0.6546875 0.075 0.0359375
0 0.6703125 0.6140625 0.05625 0.0453125
0 0.878125 0.675 0.0828125 0.075
0 0.0890625 0.6375 0.03125 0.0296875
0 0.3984375 0.2390625 0.4296875 0.08125
0 0.0109375 0.6234375 0.021875 0.0421875
0 0.55 0.7046875 0.0671875 0.03125
0 0.3875 0.6375 0.0328125 0.0296875
0 0.4734375 0.2578125 0.4 0.0625
0 0.2765625 0.65625 0.0828125 0.0765625