0 0.9921875 0.3765625 0.015625 0.025
0 0.475 0.36484375 0.05 0.0484375
0 0.3953125 0.6953125 0.065625 0.065625
0 0.184375 0.7703125 0.05 0.053125
0 0.1859375 0.7109375 0.103125 0.103125
0 0.140625 0.8265625 0.046875 0.0109375
0 0.240625 0.96484375 0.15 0.0703125
0 0.1703125 0.9328125 0.1109375 0.109375
0 0.2046875 0.92578125 0.25 0.1484375
0 0.0359375 0.5578125 0.05625 0.0609375
0 0.8015625 0.60234375 0.396875 0.4265625
0 0.834375 0.8125 0.33125 0.15
0 0.68125 0.53515625 0.321875 0.2921875
0 0.97265625 0.934375 0.0546875 0.0625