0 0.8609375 0.44765625 0.053125 0.0234375
0 0.8484375 0.259375 0.065625 0.065625
0 0.3296875 0.6296875 0.0328125 0.0359375
0 0.40625 0.7328125 0.0421875 0.0421875
0 0.02265625 0.6828125 0.0453125 0.046875
0 0.10625 0.5578125 0.0453125 0.0453125
0 0.159375 0.5359375 0.0453125 0.0453125
0 0.1 0.6546875 0.0328125 0.03125
0 0.01875 0.4921875 0.034375 0.0234375
0 0.059375 0.646875 0.025 0.0265625
0 0.8046875 0.7609375 0.053125 0.05
0 0.690625 0.76875 0.034375 0.04375
0 0.640625 0.6359375 0.0859375 0.1046875