0 0.45625 0.46796875 0.109375 0.0234375
0 0.240625 0.04375 0.065625 0.06875
0 0.9578125 0.1 0.084375 0.084375
0 0.02890625 0.8625 0.0578125 0.065625
0 0.9265625 0.75 0.046875 0.046875
0 0.928125 0.871875 0.0375 0.040625
0 0.6265625 0.5546875 0.0375 0.05625
0 0.921875 0.55625 0.028125 0.034375
0 0.75625 0.4875 0.040625 0.015625
0 0.65859375 0.484375 0.0296875 0.009375
0 0.8140625 0.8875 0.0359375 0.0390625
0 0.9265625 0.6671875 0.021875 0.03125
0 0.8171875 0.5640625 0.021875 0.0328125
0 0.6640625 0.5140625 0.025 0.0234375