0 0.065625 0.0421875 0.121875 0.084375
0 0.2625 0.0578125 0.1046875 0.0765625
0 0.109375 0.440625 0.05625 0.05625
0 0.015625 0.43125 0.03125 0.065625
0 0.440625 0.375 0.0171875 0.0484375
0 0.328125 0.36875 0.0484375 0.0484375
0 0.05 0.16875 0.0390625 0.0390625
0 0.01875 0.43046875 0.0375 0.0453125
0 0.10625 0.51875 0.0359375 0.0375
0 0.80625 0.59375 0.0515625 0.0140625
0 0.4890625 0.596875 0.025 0.0078125
0 0.709375 0.0296875 0.0546875 0.053125
0 0.825 0.6296875 0.065625 0.059375
0 0.4625 0.925 0.025 0.0484375