0 0.0984375 0.4078125 0.1 0.1
0 0.109375 0.209375 0.071875 0.071875
0 0.49140625 0.3125 0.0171875 0.034375
0 0.4921875 0.425 0.015625 0.059375
0 0.409375 0.10625 0.028125 0.053125
0 0.24375 0.4046875 0.03125 0.03125
0 0.909375 0.1609375 0.028125 0.028125
0 0.8625 0.1640625 0.03125 0.03125
0 0.9375 0.2 0.05 0.05
0 0.98125 0.2671875 0.03125 0.03125
0 0.540625 0.04375 0.059375 0.0875
0 0.1984375 0.846875 0.059375 0.059375
0 0.2140625 0.7453125 0.05625 0.05625
0 0.1875 0.6484375 0.03125 0.03125
0 0.7328125 0.790625 0.190625 0.190625
0 0.759375 0.90625 0.08125 0.08125