0 0.6609375 0.175 0.078125 0.040625
0 0.034375 0.15625 0.06875 0.059375
0 0.6328125 0.01015625 0.03125 0.0203125
0 0.6734375 0.234375 0.053125 0.0375
0 0.66875 0.0640625 0.0375 0.040625
0 0.4265625 0.8484375 0.08125 0.08125
0 0.4390625 0.6984375 0.075 0.075
0 0.4671875 0.5390625 0.078125 0.078125
0 0.1046875 0.8109375 0.05 0.05
0 0.1453125 0.9078125 0.05 0.05
0 0.146875 0.7296875 0.0640625 0.0640625
0 0.2515625 0.746875 0.05625 0.05625
0 0.2703125 0.990625 0.0625 0.01875
0 0.0546875 0.8921875 0.053125 0.053125
0 0.3359375 0.5203125 0.0453125 0.034375
0 0.3421875 0.840625 0.0328125 0.0328125