0 0.1109375 0.51875 0.065625 0.0515625
0 0.178125 0.465625 0.078125 0.0515625
0 0.5109375 0.4578125 0.0640625 0.0234375
0 0.8921875 0.4609375 0.0453125 0.0296875
0 0.3890625 0.45625 0.0484375 0.03125
0 0.03125 0.4515625 0.0609375 0.04375
0 0.70625 0.7578125 0.053125 0.0359375
0 0.7046875 0.4625 0.034375 0.025
0 0.7890625 0.628125 0.046875 0.0390625
0 0.840625 0.603125 0.0453125 0.0328125
0 0.7875 0.725 0.03125 0.0296875
0 0.3734375 0.5703125 0.0390625 0.0359375
0 0.59375 0.4578125 0.03125 0.021875
0 0.696875 0.5671875 0.0328125 0.021875
0 0.746875 0.7203125 0.0234375 0.025