0 0.2484375 0.240625 0.0390625 0.06875
0 0.28125 0.359375 0.0546875 0.0546875
0 0.2 0.053125 0.0421875 0.0421875
0 0.39375 0.34375 0.0515625 0.053125
0 0.225 0.1625 0.0359375 0.040625
0 0.303125 0.0328125 0.0359375 0.040625
0 0.5265625 0.075 0.09375 0.1484375
0 0.51875 0.1703125 0.0765625 0.096875
0 0.85625 0.1859375 0.0640625 0.0703125
0 0.8578125 0.0125 0.109375 0.025
0 0.59375 0.4015625 0.2296875 0.15625
0 0.9734375 0.275 0.053125 0.0796875
0 0.95625 0.4515625 0.04375 0.0453125
0 0.59375 0.375 0.2296875 0.209375
0 0.053125 0.5375 0.1046875 0.115625
0 0.040625 0.775 0.0703125 0.0703125
0 0.63046875 0.98984375 0.0453125 0.0203125