0 0.4390625 0.2640625 0.04375 0.04375
0 0.2375 0.02109375 0.071875 0.0421875
0 0.434375 0.04375 0.059375 0.059375
0 0.2765625 0.18125 0.03125 0.03125
0 0.4546875 0.3453125 0.028125 0.040625
0 0.340625 0.040625 0.046875 0.04375
0 0.821875 0.3171875 0.04375 0.04375
0 0.671875 0.0921875 0.05625 0.05625
0 0.775 0.578125 0.0375 0.0375
0 0.9765625 0.6390625 0.021875 0.021875
0 0.8203125 0.5546875 0.0375 0.0375
0 0.971875 0.8375 0.05625 0.0625
0 0.5640625 0.8796875 0.075 0.075
0 0.5921875 0.7203125 0.075 0.075
0 0.47578125 0.7015625 0.0140625 0.034375