0 0.2953125 0.33125 0.075 0.075
0 0.428125 0.328125 0.028125 0.0375
0 0.0375 0.3171875 0.05 0.065625
0 0.01015625 0.3515625 0.0203125 0.034375
0 0.91875 0.328125 0.08125 0.08125
0 0.9765625 0.00859375 0.046875 0.0171875
0 0.9828125 0.3515625 0.034375 0.05
0 0.9671875 0.0953125 0.065625 0.09375
0 0.890625 0.4609375 0.053125 0.05625
0 0.98046875 0.2765625 0.0390625 0.03125
0 0.8796875 0.11875 0.040625 0.040625
0 0.88125 0.55 0.09375 0.078125
0 0.0484375 0.6546875 0.096875 0.103125
0 0.115625 0.646875 0.1 0.08125
0 0.13125 0.9765625 0.071875 0.046875
0 0.346875 0.721875 0.19375 0.19375
0 0.3203125 0.721875 0.209375 0.2296875