0 0.359375 0.01640625 0.06875 0.0328125
0 0.6078125 0.5234375 0.040625 0.040625
0 0.9828125 0.1234375 0.034375 0.05625
0 0.91875 0.071875 0.0484375 0.040625
0 0.921875 0.046875 0.075 0.0921875
0 0.7125 0.4578125 0.0421875 0.0296875
0 0.94296875 0.05 0.1140625 0.1
0 0.49375 0.978125 0.034375 0.034375
0 0.64921875 0.70390625 0.0203125 0.0328125
0 0.64140625 0.7125 0.0359375 0.05
0 0.375 0.725 0.015625 0.0421875
0 0.03125 0.690625 0.034375 0.03125
0 0.05625 0.80625 0.059375 0.0140625
0 0.35 0.675 0.025 0.025
0 0.278125 0.70625 0.03125 0.0265625
0 0.91875 0.9046875 0.0734375 0.0734375
0 0.6671875 0.8734375 0.015625 0.05
0 0.6671875 0.93203125 0.015625 0.0453125