0 0.3109375 0.3109375 0.028125 0.10625
0 0.4046875 0.1578125 0.05 0.065625
0 0.3234375 0.0953125 0.04375 0.053125
0 0.190625 0.02265625 0.05 0.0453125
0 0.1703125 0.02109375 0.0875 0.0421875
0 0.96328125 0.2078125 0.0734375 0.084375
0 0.846875 0.2625 0.0625 0.0625
0 0.796875 0.2890625 0.05 0.05
0 0.5109375 0.06875 0.0375 0.0375
0 0.6859375 0.0640625 0.028125 0.03125
0 0.43515625 0.1984375 0.0109375 0.04375
0 0.6875 0.0703125 0.0375 0.0375
0 0.24375 0.896875 0.053125 0.053125
0 0.2859375 0.9734375 0.04375 0.03125
0 0.6375 0.7171875 0.1125 0.034375
0 0.7046875 0.55859375 0.078125 0.0578125