0 0.05625 0.2296875 0.065625 0.065625
0 0.303125 0.4125 0.065625 0.065625
0 0.209375 0.3328125 0.065625 0.06875
0 0.271875 0.2421875 0.05 0.05
0 0.365625 0.4671875 0.0375 0.0375
0 0.515625 0.4515625 0.040625 0.040625
0 0.346875 0.109375 0.05 0.05
0 0.36875 0.0890625 0.09375 0.09375
0 0.91875 0.228125 0.028125 0.03125
0 0.9015625 0.13125 0.053125 0.05625
0 0.0734375 0.734375 0.04375 0.04375
0 0.4546875 0.73125 0.0375 0.040625
0 0.2671875 0.7296875 0.028125 0.03125
0 0.3515625 0.5640625 0.046875 0.0375
0 0.403125 0.5890625 0.040625 0.040625
0 0.15625 0.734375 0.03125 0.021875
0 0.259375 0.625 0.0328125 0.021875