0 0.15 0.178125 0.159375 0.159375
0 0.1546875 0.1546875 0.23125 0.23125
0 0.0625 0.05 0.0640625 0.0625
0 0.1328125 0.05 0.0734375 0.0734375
0 0.1875 0.271875 0.0734375 0.0734375
0 0.10625 0.615625 0.06875 0.06875
0 0.19375 0.490625 0.065625 0.065625
0 0.1984375 0.434375 0.05625 0.0609375
0 0.10625 0.528125 0.0484375 0.0484375
0 0.2796875 0.553125 0.01875 0.0375
0 0.125 0.565625 0.0359375 0.034375
0 0.51875 0.834375 0.05625 0.05625
0 0.571875 0.90625 0.0453125 0.046875
0 0.428125 0.659375 0.0484375 0.0484375
0 0.3359375 0.475 0.09375 0.153125