0 0.34375 0.0375 0.071875 0.075
0 0.3421875 0.25625 0.075 0.10625
0 0.03359375 0.14609375 0.0671875 0.2140625
0 0.35625 0.159375 0.046875 0.31875
0 0.515625 0.1203125 0.05625 0.05625
0 0.44375 0.0671875 0.046875 0.0453125
0 0.690625 0.2109375 0.0484375 0.0484375
0 0.875 0.2875 0.153125 0.0625
0 0.1375 0.7765625 0.05625 0.05625
0 0.3078125 0.6875 0.0375 0.04375
0 0.2578125 0.8203125 0.09375 0.09375
0 0.8515625 0.72578125 0.296875 0.5484375
0 0.93046875 0.46328125 0.1390625 0.2890625
0 0.78125 0.746875 0.30625 0.30625