0 0.4 0.196875 0.1125 0.1125
0 0.3640625 0.04296875 0.090625 0.0859375
0 0.0328125 0.2703125 0.065625 0.078125
0 0.934375 0.0703125 0.08125 0.08125
0 0.6140625 0.0421875 0.078125 0.075
0 0.05546875 0.953125 0.1109375 0.09375
0 0.009375 0.57265625 0.01875 0.0546875
0 0.1703125 0.97578125 0.071875 0.0484375
0 0.0734375 0.6171875 0.075 0.034375
0 0.28125 0.6578125 0.05625 0.053125
0 0.0734375 0.596875 0.084375 0.08125
0 0.4015625 0.5671875 0.053125 0.053125
0 0.55390625 0.634375 0.0109375 0.03125
0 0.97578125 0.8453125 0.0484375 0.05
0 0.7203125 0.8515625 0.028125 0.040625
0 0.6203125 0.9328125 0.034375 0.034375
0 0.7203125 0.50625 0.078125 0.075
0 0.9125 0.5328125 0.078125 0.078125