0 0.3515625 0.359375 0.034375 0.04375
0 0.2875 0.3515625 0.040625 0.040625
0 0.00625 0.078125 0.0125 0.0625
0 0.0515625 0.2046875 0.084375 0.046875
0 0.1546875 0.071875 0.053125 0.053125
0 0.415625 0.2203125 0.028125 0.059375
0 0.4359375 0.028125 0.028125 0.03125
0 0.1484375 0.30625 0.0375 0.0375
0 0.4359375 0.31875 0.053125 0.053125
0 0.8921875 0.040625 0.03125 0.0375
0 0.8078125 0.3828125 0.053125 0.053125
0 0.9015625 0.3453125 0.053125 0.05625
0 0.6125 0.309375 0.00625 0.04375
0 0.7484375 0.3625 0.034375 0.034375
0 0.8734375 0.2359375 0.05 0.05
0 0.3484375 0.759375 0.090625 0.259375