0 0.1375 0.440625 0.078125 0.078125
0 0.4625 0.4203125 0.028125 0.028125
0 0.8578125 0.153125 0.06875 0.06875
0 0.7796875 0.109375 0.04375 0.04375
0 0.7421875 0.2578125 0.04375 0.04375
0 0.7015625 0.3953125 0.0375 0.0375
0 0.359375 0.640625 0.046875 0.04375
0 0.6171875 0.796875 0.025 0.0625
0 0.5796875 0.765625 0.053125 0.053125
0 0.5890625 0.784375 0.08125 0.115625
0 0.9703125 0.63125 0.059375 0.059375
0 0.8734375 0.9125 0.06875 0.071875
0 0.6953125 0.909375 0.0890625 0.075
0 0.6671875 0.89921875 0.075 0.1234375
0 0.76171875 0.82734375 0.2640625 0.1578125