0 0.3765625 0.128125 0.1 0.1
0 0.61640625 0.184375 0.0671875 0.0625
0 0.63984375 0.23125 0.0203125 0.05
0 0.95625 0.3828125 0.05 0.05
0 0.6859375 0.115625 0.025 0.025
0 0.7109375 0.30625 0.01875 0.01875
0 0.66484375 0.33125 0.0296875 0.028125
0 0.1984375 0.6421875 0.09375 0.09375
0 0.3078125 0.96875 0.096875 0.0625
0 0.3171875 0.8421875 0.059375 0.059375
0 0.3953125 0.6875 0.059375 0.0625
0 0.3265625 0.6234375 0.071875 0.071875
0 0.0140625 0.6625 0.028125 0.046875
0 0.4046875 0.6265625 0.05 0.05
0 0.409375 0.7421875 0.046875 0.046875