0 0.0296875 0.1484375 0.04375 0.040625
0 0.1546875 0.4734375 0.0375 0.03125
0 0.99140625 0.284375 0.0171875 0.03125
0 0.6078125 0.4203125 0.040625 0.115625
0 0.0390625 0.9953125 0.040625 0.009375
0 0.1171875 0.9734375 0.0375 0.0375
0 0.084375 0.9421875 0.04375 0.04375
0 0.4953125 0.95390625 0.11875 0.0921875
0 0.0546875 0.7578125 0.0625 0.05625
0 0.1109375 0.5828125 0.075 0.075
0 0.5359375 0.52578125 0.046875 0.0734375
0 0.56640625 0.64375 0.0140625 0.121875
0 0.57421875 0.809375 0.0296875 0.10625