0 0.134375 0.0484375 0.2015625 0.096875
0 0.30546875 0.021875 0.0765625 0.04375
0 0.040625 0.15 0.08125 0.1015625
0 0.621875 0.34375 0.04375 0.04375
0 0.875 0.325 0.078125 0.078125
0 0.9625 0.3125 0.0578125 0.059375
0 0.978125 0.06875 0.04375 0.0703125
0 0.825 0.2625 0.04375 0.04375
0 0.14375 0.9203125 0.040625 0.0421875
0 0.11875 0.95625 0.0453125 0.046875
0 0.059375 0.675 0.059375 0.0671875
0 0.084375 0.9234375 0.0359375 0.0359375
0 0.1421875 0.928125 0.0609375 0.0609375
0 0.3125 0.996875 0.0296875 0.00625
0 0.1140625 0.946875 0.078125 0.08125
0 0.70625 0.6484375 0.0421875 0.01875