0 0.471875 0.5453125 0.075 0.046875
0 0.690625 0.54375 0.06875 0.05
0 0.634375 0.54375 0.059375 0.05
0 0.753125 0.4671875 0.0375 0.021875
0 0.859375 0.31875 0.0484375 0.0484375
0 0.675 0.4109375 0.153125 0.09375
0 0.04765625 0.85078125 0.0953125 0.1015625
0 0.7609375 0.6078125 0.04375 0.025
0 0.58125 0.7734375 0.04375 0.04375
0 0.9171875 0.878125 0.028125 0.03125
0 0.4484375 0.9328125 0.021875 0.021875
0 0.5578125 0.99609375 0.034375 0.0078125
0 0.775 0.7 0.0515625 0.040625
0 0.40703125 0.99453125 0.0546875 0.0109375
0 0.871875 0.7125 0.0390625 0.0375