0 0.3828125 0.1078125 0.059375 0.059375
0 0.3921875 0.2171875 0.05 0.046875
0 0.5453125 0.2578125 0.04375 0.04375
0 0.6859375 0.18125 0.03125 0.034375
0 0.5171875 0.3875 0.0375 0.0375
0 0.6703125 0.2515625 0.040625 0.0375
0 0.5109375 0.3953125 0.05625 0.05625
0 0.1609375 0.1515625 0.053125 0.053125
0 0.2328125 0.4078125 0.015625 0.04375
0 0.2078125 0.3578125 0.025 0.025
0 0.1359375 0.3890625 0.028125 0.028125
0 0.9265625 0.3859375 0.075 0.059375
0 0.665625 0.9359375 0.025 0.025
0 0.69609375 0.753125 0.0265625 0.071875
0 0.640625 0.46875 0.01875 0.01875
0 0.659375 0.5234375 0.025 0.025
0 0.91015625 0.49765625 0.1796875 0.1359375