0 0.05625 0.2484375 0.0671875 0.040625
0 0.41875 0.103125 0.0328125 0.0375
0 0.3875 0.65625 0.05 0.0609375
0 0.378125 0.546875 0.0484375 0.0421875
0 0.253125 0.7875 0.0484375 0.0484375
0 0.453125 0.825 0.0859375 0.046875
0 0.45 0.978125 0.0390625 0.0390625
0 0.225 0.50625 0.0390625 0.046875
0 0.084375 0.5828125 0.0359375 0.0296875
0 0.4234375 0.8578125 0.04375 0.084375
0 0.253125 0.3765625 0.040625 0.0328125
0 0.1 0.5125 0.0328125 0.04375
0 0.259375 0.36875 0.0578125 0.05
0 0.609375 0.6125 0.0484375 0.0484375
0 0.5375 0.35625 0.015625 0.0421875
0 0.88125 0.390625 0.034375 0.03125
0 0.85625 0.275 0.059375 0.0140625
0 0.90625 0.85 0.0375 0.0359375
0 0.978125 0.584375 0.0421875 0.0703125
0 0.5625 0.40625 0.025 0.025
0 0.9625 0.7703125 0.021875 0.021875
0 0.99296875 0.80859375 0.0140625 0.0359375
0 0.634375 0.375 0.03125 0.0265625