0 0.3 0.35625 0.059375 0.05625
0 0.63828125 0.321875 0.0234375 0.065625
0 0.53125 0.3875 0.0375 0.0375
0 0.11875 0.35 0.046875 0.04375
0 0.41875 0.50390625 0.040625 0.0109375
0 0.3328125 0.48125 0.05 0.05
0 0.234375 0.15 0.046875 0.05
0 0.475 0.5015625 0.034375 0.015625
0 0.68671875 0.0609375 0.0734375 0.121875
0 0.309375 0.93125 0.04375 0.040625
0 0.425 0.60625 0.05625 0.05625
0 0.328125 0.6375 0.078125 0.090625
0 0.6015625 0.51953125 0.071875 0.0203125
0 0.3625 0.534375 0.05625 0.05
0 0.1328125 0.553125 0.08125 0.08125
0 0.253125 0.5484375 0.096875 0.078125
0 0.25625 0.5578125 0.06875 0.096875
0 0.884375 0.6515625 0.040625 0.0375