0 0.4625 0.0109375 0.053125 0.021875
0 0.3359375 0.02109375 0.075 0.0421875
0 0.25625 0.5765625 0.096875 0.084375
0 0.178125 0.3953125 0.05 0.053125
0 0.03984375 0.52578125 0.0796875 0.0859375
0 0.74375 0.134375 0.078125 0.059375
0 0.6953125 0.265625 0.0625 0.084375
0 0.6328125 0.3875 0.05625 0.103125
0 0.978125 0.2359375 0.040625 0.028125
0 0.271875 0.66875 0.09375 0.08125
0 0.175 0.7046875 0.046875 0.046875
0 0.1046875 0.6984375 0.090625 0.0375
0 0.97734375 0.88125 0.0453125 0.13125
0 0.953125 0.8703125 0.05 0.05
0 0.9125 0.934375 0.065625 0.065625