0 0.8234375 0.5125 0.0453125 0.0390625
0 0.6296875 0.496875 0.0375 0.0390625
0 0.065625 0.459375 0.065625 0.0734375
0 0.15625 0.446875 0.0625 0.034375
0 0.3671875 0.56875 0.071875 0.096875
0 0.9859375 0.5328125 0.028125 0.0375
0 0.7296875 0.721875 0.075 0.0359375
0 0.3734375 0.59375 0.071875 0.0515625
0 0.103125 0.4640625 0.1453125 0.0828125
0 0.5484375 0.49375 0.0421875 0.05625
0 0.2125 0.115625 0.0546875 0.0421875
0 0.7796875 0.759375 0.0453125 0.0296875
0 0.5484375 0.478125 0.0390625 0.03125
0 0.5875 0.4953125 0.1484375 0.0546875
0 0.109375 0.5609375 0.028125 0.03125