0 0.6046875 0.134375 0.009375 0.04375
0 0.428125 0.15 0.040625 0.040625
0 0.165625 0.078125 0.0875 0.0875
0 0.171875 0.053125 0.075 0.05625
0 0.346875 0.153125 0.05 0.05
0 0.346875 0.16875 0.040625 0.03125
0 0.3859375 0.1515625 0.103125 0.10625
0 0.640625 0.1859375 0.059375 0.059375
0 0.51875 0.8234375 0.05625 0.05625
0 0.4140625 0.8234375 0.05625 0.05625
0 0.371875 0.6484375 0.046875 0.046875
0 0.5375 0.8984375 0.03125 0.03125
0 0.353125 0.8140625 0.040625 0.040625
0 0.1 0.559375 0.140625 0.140625
0 0.0875 0.6109375 0.046875 0.040625
0 0.65625 0.7046875 0.053125 0.05
0 0.9765625 0.8734375 0.046875 0.0875