0 0.0515625 0.196875 0.0609375 0.0609375
0 0.24375 0.23125 0.05 0.05
0 0.0875 0.4234375 0.0890625 0.071875
0 0.321875 0.25 0.0640625 0.0734375
0 0.0296875 0.446875 0.053125 0.053125
0 0.325 0.234375 0.05 0.05
0 0.284375 0.240625 0.1296875 0.1296875
0 0.95625 0.0859375 0.05625 0.03125
0 0.4390625 0.2640625 0.01875 0.06875
0 0.14375 0.534375 0.05 0.05
0 0.153125 0.6609375 0.071875 0.0703125
0 0.73125 0.740625 0.0953125 0.0953125
0 0.871875 0.50625 0.0375 0.0328125
0 0.809375 0.521875 0.0734375 0.0640625
0 0.54375 0.81875 0.0515625 0.046875
0 0.675 0.959375 0.0890625 0.08125