0 0.178125 0.490625 0.040625 0.0375
0 0.4640625 0.403125 0.0625 0.0625
0 0.2328125 0.325 0.025 0.028125
0 0.425 0.2578125 0.040625 0.04375
0 0.2265625 0.3234375 0.0375 0.0375
0 0.08515625 0.1 0.1703125 0.2
0 0.840625 0.13125 0.05625 0.059375
0 0.7078125 0.340625 0.065625 0.065625
0 0.3359375 0.8234375 0.0625 0.0625
0 0.2609375 0.6125 0.053125 0.053125
0 0.3203125 0.6140625 0.103125 0.103125
0 0.2046875 0.56875 0.015625 0.046875
0 0.1234375 0.9453125 0.140625 0.109375
0 0.0515625 0.66875 0.103125 0.153125
0 0.0984375 0.5984375 0.11875 0.11875
0 0.09296875 0.63671875 0.1859375 0.2546875
0 0.97734375 0.94375 0.0453125 0.08125
0 0.6890625 0.709375 0.096875 0.096875
0 0.7125 0.8375 0.0875 0.0875