0 0.075 0.6515625 0.065625 0.065625
0 0.396875 0.3703125 0.1375 0.1375
0 0.371875 0.4578125 0.33125 0.33125
0 0.2484375 0.5046875 0.121875 0.125
0 0.484375 0.6859375 0.065625 0.065625
0 0.3671875 0.41875 0.21875 0.21875
0 0.01796875 0.6515625 0.0359375 0.065625
0 0.0375 0.05625 0.0625 0.065625
0 0.184375 0.1515625 0.046875 0.05
0 0.66015625 0.3421875 0.0421875 0.075
0 0.68515625 0.5796875 0.0921875 0.09375
0 0.825 0.146875 0.0375 0.0375
0 0.540625 0.96875 0.059375 0.059375
0 0.4828125 0.73046875 0.09375 0.0234375
0 0.46875 0.8 0.09375 0.09375
0 0.534375 0.75625 0.046875 0.05
0 0.4875 0.840625 0.046875 0.046875
0 0.328125 0.728125 0.04375 0.01875