0 0.009375 0.396875 0.0171875 0.0625
0 0.859375 0.44375 0.084375 0.08125
0 0.3375 0.31875 0.078125 0.078125
0 0.509375 0.328125 0.0609375 0.0921875
0 0.2875 0.4546875 0.015625 0.04375
0 0.9328125 0.471875 0.0375 0.0328125
0 0.634375 0.39375 0.040625 0.0390625
0 0.5625 0.3875 0.0796875 0.04375
0 0.175 0.7453125 0.0546875 0.046875
0 0.775 0.7890625 0.13125 0.1796875
0 0.7546875 0.696875 0.0453125 0.0453125
0 0.790625 0.784375 0.059375 0.1484375
0 0.8140625 0.65 0.0375 0.0703125
0 0.7625 0.840625 0.0765625 0.0640625