0 0.01015625 0.1859375 0.0203125 0.03125
0 0.9859375 0.4609375 0.028125 0.034375
0 0.76875 0.328125 0.0375 0.0625
0 0.690625 0.2859375 0.034375 0.034375
0 0.525 0.465625 0.028125 0.0625
0 0.4203125 0.1296875 0.03125 0.03125
0 0.771875 0.4078125 0.03125 0.03125
0 0.2921875 0.4859375 0.025 0.028125
0 0.5984375 0.271875 0.040625 0.0515625
0 0.5859375 0.175 0.0375 0.0390625
0 0.0734375 0.7515625 0.0875 0.0875
0 0.946875 0.7015625 0.096875 0.05
0 0.8234375 0.6921875 0.13125 0.046875
0 0.5921875 0.69375 0.046875 0.0375
0 0.3671875 0.690625 0.11875 0.046875
0 0.4078125 0.6921875 0.0375 0.0375
0 0.815625 0.7375 0.03125 0.03125
0 0.46171875 0.509375 0.0796875 0.01875
0 0.3359375 0.703125 0.03125 0.025