0 0.44453125 0.2453125 0.0890625 0.2
0 0.228125 0.02890625 0.0875 0.0578125
0 0.1125 0.0828125 0.1 0.10625
0 0.078125 0.1171875 0.15625 0.215625
0 0.0140625 0.16796875 0.028125 0.0796875
0 0.0296875 0.1015625 0.059375 0.09375
0 0.96328125 0.5984375 0.0734375 0.09375
0 0.9640625 0.4546875 0.059375 0.059375
0 0.8859375 0.3 0.059375 0.059375
0 0.9546875 0.2359375 0.06875 0.06875
0 0.8765625 0.2390625 0.053125 0.053125
0 0.871875 0.3546875 0.046875 0.046875
0 0.053125 0.959375 0.05625 0.059375
0 0.171875 0.7421875 0.0625 0.0625
0 0.5 0.69609375 0.021875 0.0921875
0 0.5953125 0.9546875 0.05 0.046875
0 0.7109375 0.66328125 0.046875 0.0265625
0 0.5515625 0.96640625 0.121875 0.0671875