0 0.278125 0.36640625 0.0875 0.0265625
0 0.478125 0.346875 0.084375 0.065625
0 0.9 0.0359375 0.06875 0.05625
0 0.98828125 0.20703125 0.0234375 0.0234375
0 0.921875 0.2984375 0.0671875 0.05
0 0.03203125 0.4671875 0.0640625 0.075
0 0.146875 0.496875 0.075 0.075
0 0.4296875 0.4703125 0.05 0.05
0 0.3890625 0.5421875 0.046875 0.0515625
0 0.29140625 0.96640625 0.1015625 0.0671875
0 0.98359375 0.73046875 0.0328125 0.0515625
0 0.9109375 0.6859375 0.075 0.0359375
0 0.703125 0.6453125 0.05625 0.0453125
0 0.9109375 0.70625 0.0828125 0.075
0 0.5828125 0.7359375 0.065625 0.03125