0 0.8703125 0.2 0.0625 0.0625
0 0.7359375 0.1890625 0.071875 0.084375
0 0.665625 0.184375 0.2125 0.1015625
0 0.5859375 0.165625 0.065625 0.0515625
0 0.6375 0.215625 0.090625 0.0421875
0 0.3015625 0.93984375 0.13125 0.1203125
0 0.0296875 0.4546875 0.0375 0.0375
0 0.328125 0.31875 0.034375 0.034375
0 0.2859375 0.2921875 0.040625 0.025
0 0.54296875 0.94296875 0.0140625 0.0296875
0 0.02421875 0.34765625 0.0484375 0.0609375
0 0.1359375 0.53125 0.0328125 0.0328125
0 0.6875 0.31484375 0.165625 0.1296875
0 0.7140625 0.2625 0.05 0.025