0 0.9 0.0125 0.11875 0.025
0 0.9 0.159375 0.075 0.075
0 0.903125 0.1078125 0.053125 0.215625
0 0.89375 0.4046875 0.0390625 0.0484375
0 0.2671875 0.4859375 0.078125 0.06875
0 0.2796875 0.5765625 0.05 0.05
0 0.1578125 0.7875 0.090625 0.090625
0 0.1328125 0.79375 0.0515625 0.071875
0 0.2625 0.5234375 0.0828125 0.1453125
0 0.2328125 0.96875 0.05625 0.0421875
0 0.6109375 0.6328125 0.0421875 0.0546875
0 0.2484375 0.96875 0.03125 0.0390625
0 0.23046875 0.96640625 0.0546875 0.0671875
0 0.165625 0.5296875 0.03125 0.028125