0 0.3890625 0.50390625 0.090625 0.0703125
0 0.5296875 0.1734375 0.084375 0.084375
0 0.6796875 0.1609375 0.071875 0.071875
0 0.8390625 0.1328125 0.078125 0.078125
0 0.5671875 0.4953125 0.05 0.05
0 0.48203125 0.4546875 0.0265625 0.05
0 0.6484375 0.453125 0.0640625 0.0640625
0 0.63125 0.3484375 0.05625 0.05625
0 0.490625 0.52890625 0.04375 0.0203125
0 0.8578125 0.2640625 0.034375 0.0453125
0 0.5375 0.2578125 0.0328125 0.0328125
0 0.3421875 0.7609375 0.115625 0.06875
0 0.6921875 0.771875 0.0375 0.065625