0 0.0484375 0.2984375 0.04375 0.03125
0 0.5453125 0.175 0.06875 0.090625
0 0.3390625 0.2265625 0.10625 0.10625
0 0.4125 0.2453125 0.071875 0.071875
0 0.1765625 0.03125 0.03125 0.034375
0 0.01484375 0.4671875 0.0296875 0.084375
0 0.0171875 0.1109375 0.021875 0.06875
0 0.2859375 0.96015625 0.1875 0.0796875
0 0.190625 0.9859375 0.05 0.028125
0 0.28125 0.9546875 0.11875 0.090625
0 0.15 0.9328125 0.06875 0.065625
0 0.3328125 0.97890625 0.09375 0.0421875
0 0.875 0.95078125 0.1125 0.0984375
0 0.6546875 0.58671875 0.1 0.0546875