0 0.50625 0.3921875 0.03125 0.0375
0 0.590625 0.05 0.05 0.05
0 0.9140625 0.228125 0.0484375 0.0421875
0 0.496875 0.0875 0.0609375 0.0484375
0 0.7984375 0.1234375 0.0296875 0.0421875
0 0.65 0.0703125 0.0375 0.028125
0 0.953125 0.365625 0.034375 0.0484375
0 0.525 0.196875 0.0296875 0.0640625
0 0.1765625 0.5421875 0.103125 0.103125
0 0.05625 0.8609375 0.1125 0.121875
0 0.296875 0.5984375 0.0609375 0.0609375
0 0.5296875 0.553125 0.0328125 0.0359375
0 0.453125 0.65625 0.0421875 0.0421875
0 0.8421875 0.60625 0.0578125 0.046875
0 0.753125 0.48125 0.0453125 0.0453125
0 0.69921875 0.46015625 0.0453125 0.0421875
0 0.759375 0.578125 0.0328125 0.03125
0 0.8 0.5703125 0.025 0.0265625