0 0.0359375 0.134375 0.0640625 0.0734375
0 0.221875 0.6109375 0.040625 0.0703125
0 0.590625 0.2546875 0.0484375 0.0734375
0 0.640625 0.7875 0.0640625 0.0578125
0 0.21875 0.4890625 0.0359375 0.040625
0 0.65625 0.615625 0.0859375 0.05
0 0.496875 0.8328125 0.0390625 0.0390625
0 0.284375 0.6453125 0.040625 0.0421875
0 0.0125 0.33125 0.025 0.0859375
0 0.0421875 0.73125 0.05 0.040625
0 0.371875 0.446875 0.034375 0.0390625
0 0.5671875 0.1765625 0.034375 0.0328125
0 0.034375 0.596875 0.053125 0.0421875
0 0.6078125 0.484375 0.034375 0.0359375
0 0.225 0.8265625 0.0859375 0.0875
0 0.1875 0.73125 0.06875 0.0390625
0 0.6046875 0.5546875 0.034375 0.075