0 0.190625 0.34296875 0.084375 0.0515625
0 0.2515625 0.2546875 0.065625 0.065625
0 0.11875 0.3484375 0.0625 0.040625
0 0.1375 0.14375 0.053125 0.053125
0 0.5765625 0.36328125 0.0375 0.0109375
0 0.146875 0.97265625 0.103125 0.0546875
0 0.05859375 0.984375 0.1109375 0.03125
0 0.9078125 0.8953125 0.05625 0.059375
0 0.875 0.9515625 0.0375 0.0375
0 0.8375 0.8734375 0.040625 0.040625
0 0.80625 0.90625 0.04375 0.04375
0 0.83125 0.4953125 0.115625 0.115625
0 0.621875 0.9359375 0.059375 0.059375
0 0.446875 0.8796875 0.075 0.075
0 0.40859375 0.42421875 0.0390625 0.1109375