0 0.1625 0.18125 0.1375 0.1375
0 0.134375 0.078125 0.078125 0.059375
0 0.153125 0.1578125 0.1125 0.221875
0 0.6234375 0.01171875 0.03125 0.0234375
0 0.6640625 0.0328125 0.04375 0.04375
0 0.4640625 0.34453125 0.06875 0.0890625
0 0.45 0.2140625 0.040625 0.08125
0 0.7265625 0.3796875 0.075 0.01875
0 0.2015625 0.50625 0.065625 0.053125
0 0.346875 0.4578125 0.0625 0.05
0 0.41953125 0.4328125 0.0203125 0.0625
0 0.8546875 0.9359375 0.15625 0.1
0 0.5828125 0.4453125 0.034375 0.034375
0 0.6890625 0.521875 0.034375 0.034375
0 0.4828125 0.6953125 0.0375 0.0375