0 0.134375 0.040625 0.0359375 0.0390625
0 0.03125 0.3625 0.0625 0.059375
0 0.35625 0.040625 0.08125 0.0671875
0 0.2875 0.3640625 0.0359375 0.0328125
0 0.046875 0.134375 0.0390625 0.0390625
0 0.390625 0.2875 0.0421875 0.0421875
0 0.9359375 0.3671875 0.0625 0.0625
0 0.03125 0.85625 0.0375 0.0671875
0 0.053125 0.475 0.0453125 0.0453125
0 0.021875 0.97421875 0.04375 0.0484375
0 0.340625 0.6765625 0.046875 0.0578125
0 0.0453125 0.6625 0.0328125 0.0296875
0 0.215625 0.5875 0.0453125 0.0453125
0 0.19375 0.534375 0.0453125 0.0453125
0 0.3125 0.59375 0.03125 0.0328125
0 0.134375 0.9890625 0.0375 0.021875
0 0.034375 0.771875 0.0234375 0.0328125
0 0.15 0.675 0.0234375 0.034375
0 0.3046875 0.634375 0.0265625 0.025