0 0.1078125 0.165625 0.040625 0.0375
0 0.0796875 0.428125 0.059375 0.05625
0 0.0640625 0.4625 0.125 0.125
0 0.0421875 0.4984375 0.0625 0.065625
0 0.4171875 0.621875 0.0375 0.0375
0 0.55625 0.0921875 0.028125 0.028125
0 0.5578125 0.51875 0.021875 0.025
0 0.4890625 0.0234375 0.01875 0.015625
0 0.9734375 0.475 0.0375 0.059375
0 0.9671875 0.11875 0.01875 0.021875
0 0.5625 0.4609375 0.0171875 0.015625
0 0.98515625 0.1984375 0.0296875 0.03125
0 0.88125 0.5078125 0.025 0.03125
0 0.7890625 0.8515625 0.046875 0.05
0 0.7671875 0.85625 0.1 0.1
0 0.96328125 0.978125 0.0734375 0.04375