0 0.0140625 0.196875 0.028125 0.1375
0 0.2984375 0.1484375 0.040625 0.040625
0 0.3578125 0.1546875 0.04375 0.04375
0 0.3203125 0.053125 0.0875 0.071875
0 0.4234375 0.0640625 0.059375 0.059375
0 0.7046875 0.4078125 0.0625 0.065625
0 0.6359375 0.4 0.05625 0.05625
0 0.534375 0.140625 0.05 0.08125
0 0.871875 0.16875 0.04375 0.040625
0 0.66328125 0.01484375 0.0421875 0.0296875
0 0.1265625 0.925 0.053125 0.05625
0 0.153125 0.828125 0.03125 0.03125
0 0.4515625 0.98671875 0.028125 0.0265625
0 0.628125 0.90625 0.0625 0.0625
0 0.69375 0.5453125 0.0875 0.053125
0 0.6046875 0.98359375 0.034375 0.0328125
0 0.6453125 0.6765625 0.034375 0.0359375
0 0.6421875 0.60625 0.034375 0.075