0 0.2640625 0.1515625 0.046875 0.11875
0 0.4640625 0.025 0.04375 0.0375
0 0.471875 0.0890625 0.0375 0.0375
0 0.7453125 0.3796875 0.04375 0.04375
0 0.61875 0.325 0.04375 0.084375
0 0.7515625 0.221875 0.0796875 0.025
0 0.5171875 0.228125 0.0421875 0.0296875
0 0.0359375 0.70703125 0.071875 0.0890625
0 0.2625 0.8875 0.0328125 0.08125
0 0.45390625 0.4984375 0.0703125 0.16875
0 0.47265625 0.50078125 0.1078125 0.1828125
0 0.4484375 0.59140625 0.059375 0.0734375
0 0.45 0.8109375 0.0625 0.065625
0 0.453125 0.7546875 0.05625 0.0609375
0 0.534375 0.8734375 0.01875 0.0375
0 0.68203125 0.97734375 0.0484375 0.0453125
0 0.590625 0.7953125 0.09375 0.153125