0 0.0546875 0.315625 0.053125 0.053125
0 0.0203125 0.1640625 0.040625 0.05
0 0.4421875 0.3109375 0.0375 0.0375
0 0.2640625 0.3859375 0.071875 0.078125
0 0.4109375 0.2390625 0.03125 0.03125
0 0.7109375 0.9609375 0.03125 0.03125
0 0.371875 0.45703125 0.059375 0.0546875
0 0.1359375 0.4578125 0.075 0.05625
0 0.98359375 0.96328125 0.0328125 0.0734375
0 0.946875 0.6296875 0.05 0.05
0 0.9390625 0.98125 0.04375 0.0375
0 0.95625 0.7328125 0.078125 0.08125
0 0.9421875 0.9140625 0.040625 0.040625
0 0.9390625 0.4671875 0.034375 0.059375