0 0.1125 0.2359375 0.1390625 0.1359375
0 0.240625 0.175 0.1171875 0.1171875
0 0.9890625 0.15625 0.021875 0.0328125
0 0.2296875 0.98125 0.103125 0.0359375
0 0.10625 0.696875 0.0625 0.0625
0 0.184375 0.646875 0.109375 0.109375
0 0.1328125 0.378125 0.059375 0.0390625
0 0.1359375 0.796875 0.10625 0.10625
0 0.1578125 0.4890625 0.0984375 0.0984375
0 0.15625 0.978125 0.046875 0.0390625
0 0.228125 0.803125 0.0390625 0.053125
0 0.06875 0.540625 0.0453125 0.0640625
0 0.7140625 0.91875 0.0546875 0.0515625
0 0.5625 0.95625 0.046875 0.0453125
0 0.709375 0.53125 0.0359375 0.0359375
0 0.784375 0.709375 0.0734375 0.0703125
0 0.6375 0.5625 0.0328125 0.0328125