0 0.03046875 0.28125 0.0609375 0.09375
0 0.0296875 0.1484375 0.0375 0.0375
0 0.3609375 0.1765625 0.034375 0.03125
0 0.2234375 0.190625 0.04375 0.04375
0 0.2609375 0.45 0.0375 0.034375
0 0.7609375 0.3140625 0.071875 0.071875
0 0.68125 0.490625 0.071875 0.0375
0 0.2390625 0.7421875 0.478125 0.465625
0 0.20859375 0.959375 0.4171875 0.08125
0 0.4078125 0.7390625 0.0875 0.459375
0 0.15703125 0.5265625 0.2515625 0.034375
0 0.9375 0.9109375 0.125 0.140625
0 0.884375 0.875 0.065625 0.065625
0 0.85546875 0.9875 0.0765625 0.025
0 0.9453125 0.828125 0.05625 0.053125