0 0.571875 0.06875 0.05625 0.053125
0 0.5765625 0.1578125 0.040625 0.040625
0 0.4875 0.86875 0.09375 0.09375
0 0.4828125 0.4640625 0.06875 0.028125
0 0.6328125 0.615625 0.071875 0.11875
0 0.6578125 0.61328125 0.021875 0.0828125
0 0.48671875 0.459375 0.1171875 0.01875
0 0.6296875 0.803125 0.065625 0.0421875
0 0.615625 0.8078125 0.040625 0.034375
0 0.6328125 0.796875 0.071875 0.05625
0 0.20859375 0.4859375 0.0765625 0.071875
0 0.7921875 0.7359375 0.09375 0.096875
0 0.68828125 0.7375 0.0390625 0.059375
0 0.7515625 0.7375 0.15 0.15