0 0.1734375 0.1375 0.09375 0.096875
0 0.8546875 0.3234375 0.05625 0.06875
0 0.940625 0.278125 0.053125 0.053125
0 0.9609375 0.3828125 0.046875 0.034375
0 0.99140625 0.4015625 0.0171875 0.034375
0 0.959375 0.1984375 0.0390625 0.084375
0 0.784375 0.38671875 0.05625 0.0640625
0 0.946875 0.3453125 0.034375 0.0421875
0 0.02421875 0.61875 0.0484375 0.090625
0 0.403125 0.7546875 0.04375 0.04375
0 0.1921875 0.621875 0.0734375 0.075
0 0.8625 0.871875 0.05 0.05
0 0.91875 0.8171875 0.053125 0.053125
0 0.74375 0.6828125 0.0328125 0.0703125
0 0.6171875 0.5515625 0.0625 0.0625
0 0.5765625 0.4953125 0.034375 0.06875
0 0.56640625 0.5046875 0.0140625 0.05
0 0.60859375 0.52109375 0.0984375 0.1453125