0 0.0171875 0.11875 0.034375 0.046875
0 0.0171875 0.3484375 0.034375 0.04375
0 0.2765625 0.2 0.0875 0.0875
0 0.5296875 0.103125 0.059375 0.059375
0 0.7921875 0.02265625 0.06875 0.0453125
0 0.675 0.2296875 0.0125 0.034375
0 0.759375 0.1625 0.11875 0.121875
0 0.5296875 0.775 0.10625 0.109375
0 0.403125 0.7375 0.103125 0.103125
0 0.0234375 0.828125 0.046875 0.065625
0 0.04140625 0.96640625 0.0734375 0.0671875
0 0.921875 0.659375 0.065625 0.065625
0 0.890625 0.621875 0.103125 0.103125
0 0.91796875 0.97578125 0.0734375 0.0484375
0 0.7890625 0.4953125 0.05625 0.0625
0 0.68125 0.9 0.025 0.0375
0 0.68203125 0.984375 0.0265625 0.03125