0 0.3703125 0.1734375 0.034375 0.0453125
0 0.4625 0.2203125 0.0375 0.040625
0 0.2859375 0.209375 0.040625 0.065625
0 0.2953125 0.3140625 0.034375 0.0546875
0 0.5578125 0.3515625 0.0328125 0.071875
0 0.484375 0.8140625 0.0375 0.0609375
0 0.453125 0.1296875 0.040625 0.0421875
0 0.9828125 0.7296875 0.03125 0.028125
0 0.5640625 0.553125 0.028125 0.0375
0 0.0640625 0.3828125 0.0265625 0.0421875
0 0.3828125 0.4109375 0.03125 0.03125
0 0.78125 0.4734375 0.0265625 0.05625
0 0.8546875 0.5984375 0.0265625 0.04375
0 0.7765625 0.5203125 0.028125 0.1
0 0.775 0.34375 0.0296875 0.0375