0 0.2265625 0.1125 0.05625 0.05625
0 0.40625 0.34296875 0.00625 0.0421875
0 0.9625 0.278125 0.040625 0.040625
0 0.2203125 0.51171875 0.059375 0.0234375
0 0.1921875 0.7640625 0.0625 0.0625
0 0.01015625 0.6703125 0.0203125 0.028125
0 0.3078125 0.9359375 0.059375 0.059375
0 0.3484375 0.890625 0.0171875 0.053125
0 0.6140625 0.6125 0.103125 0.103125
0 0.4828125 0.51015625 0.03125 0.0203125
0 0.6890625 0.9359375 0.153125 0.128125
0 0.8828125 0.9625 0.13125 0.075
0 0.7828125 0.971875 0.096875 0.05625
0 0.8375 0.9578125 0.228125 0.084375