0 0.39375 0.165625 0.090625 0.090625
0 0.3796875 0.0609375 0.0625 0.1125
0 0.4453125 0.1046875 0.046875 0.04375
0 0.3984375 0.0203125 0.059375 0.034375
0 0.2390625 0.1453125 0.046875 0.046875
0 0.90625 0.3015625 0.04375 0.040625
0 0.709375 0.2875 0.034375 0.034375
0 0.309375 0.4828125 0.034375 0.046875
0 0.3 0.5984375 0.028125 0.040625
0 0.1484375 0.809375 0.03125 0.03125
0 0.440625 0.9078125 0.0296875 0.0265625
0 0.73125 0.9296875 0.071875 0.071875
0 0.696875 0.43046875 0.046875 0.0234375
0 0.7140625 0.75 0.103125 0.14375
0 0.703125 0.7265625 0.08125 0.08125