0 0.434375 0.334375 0.05625 0.05625
0 0.1609375 0.3921875 0.096875 0.096875
0 0.265625 0.40625 0.09375 0.090625
0 0.221875 0.340625 0.05 0.046875
0 0.30625 0.3875 0.04375 0.04375
0 0.63125 0.1640625 0.05 0.04375
0 0.6859375 0.01328125 0.028125 0.0265625
0 0.2671875 0.8296875 0.040625 0.10625
0 0.259375 0.69375 0.046875 0.090625
0 0.275 0.96875 0.040625 0.040625
0 0.725 0.771875 0.078125 0.078125
0 0.7015625 0.8390625 0.05 0.040625
0 0.9578125 0.821875 0.08125 0.08125
0 0.5921875 0.74375 0.05625 0.053125
0 0.7765625 0.8359375 0.0375 0.0375
0 0.934375 0.7328125 0.040625 0.040625
0 0.5140625 0.73359375 0.05 0.0890625