0 0.2765625 0.1578125 0.034375 0.034375
0 0.065625 0.1140625 0.040625 0.040625
0 0.1828125 0.225 0.040625 0.040625
0 0.04375 0.0796875 0.046875 0.059375
0 0.9703125 0.2046875 0.059375 0.290625
0 0.4171875 0.171875 0.09375 0.096875
0 0.6890625 0.01796875 0.025 0.0359375
0 0.15625 0.9109375 0.075 0.078125
0 0.2453125 0.9234375 0.040625 0.0375
0 0.9859375 0.609375 0.028125 0.046875
0 0.96953125 0.61015625 0.0609375 0.0703125
0 0.90625 0.7234375 0.06875 0.06875
0 0.67421875 0.9453125 0.2015625 0.109375
0 0.8171875 0.6765625 0.090625 0.090625
0 0.9203125 0.646875 0.040625 0.040625
0 0.534375 0.6578125 0.08125 0.0375