0 0.0828125 0.48828125 0.09375 0.0421875
0 0.19375 0.028125 0.040625 0.040625
0 0.0546875 0.06953125 0.078125 0.1390625
0 0.9875 0.4203125 0.025 0.096875
0 0.98359375 0.328125 0.0328125 0.046875
0 0.796875 0.2046875 0.06875 0.103125
0 0.465625 0.09375 0.034375 0.03125
0 0.65859375 0.0171875 0.0390625 0.034375
0 0.5375 0.240625 0.0546875 0.0546875
0 0.0296875 0.8109375 0.059375 0.1
0 0.70625 0.95078125 0.23125 0.0984375
0 0.578125 0.54453125 0.078125 0.0703125
0 0.8390625 0.803125 0.06875 0.065625
0 0.70625 0.7203125 0.053125 0.04375
0 0.6140625 0.5921875 0.0375 0.04375
0 0.97578125 0.803125 0.0484375 0.05
0 0.440625 0.5296875 0.021875 0.040625