0 0.5015625 0.33125 0.078125 0.075
0 0.2953125 0.1984375 0.053125 0.053125
0 0.19296875 0.42421875 0.0953125 0.0296875
0 0.5578125 0.215625 0.046875 0.046875
0 0.2921875 0.3421875 0.190625 0.159375
0 0.753125 0.3265625 0.034375 0.034375
0 0.8484375 0.04375 0.103125 0.0875
0 0.7421875 0.24375 0.03125 0.040625
0 0.978125 0.3921875 0.04375 0.09375
0 0.4984375 0.7140625 0.084375 0.078125
0 0.375 0.6078125 0.109375 0.140625
0 0.2109375 0.703125 0.071875 0.05625
0 0.9734375 0.5671875 0.053125 0.09375
0 0.8890625 0.47109375 0.0875 0.0640625