0 0.309375 0.3109375 0.09375 0.03125
0 0.3984375 0.1640625 0.096875 0.096875
0 0.090625 0.0734375 0.1125 0.1125
0 0.1359375 0.22578125 0.209375 0.2078125
0 0.8015625 0.0890625 0.115625 0.115625
0 0.9390625 0.153125 0.040625 0.04375
0 0.9671875 0.065625 0.046875 0.034375
0 0.871875 0.034375 0.0875 0.06875
0 0.0703125 0.3546875 0.0375 0.0375
0 0.31875 0.35625 0.084375 0.053125
0 0.25625 0.359375 0.0578125 0.059375
0 0.3859375 0.7375 0.0484375 0.05
0 0.203125 0.778125 0.0875 0.090625
0 0.47734375 0.45 0.0359375 0.165625
0 0.9609375 0.36484375 0.071875 0.0703125
0 0.95 0.3734375 0.05 0.05
0 0.93125 0.36796875 0.1375 0.0765625
0 0.659375 0.8171875 0.140625 0.0375