0 0.1984375 0.3296875 0.0359375 0.0359375
0 0.05 0.196875 0.0421875 0.0453125
0 0.021875 0.09375 0.0421875 0.0515625
0 0.634375 0.1140625 0.0671875 0.0671875
0 0.96484375 0.40234375 0.0703125 0.0328125
0 0.509375 0.15 0.04375 0.0421875
0 0.96796875 0.021875 0.0640625 0.04375
0 0.11875 0.440625 0.1078125 0.0421875
0 0.184375 0.578125 0.075 0.0796875
0 0.04375 0.6375 0.0640625 0.0578125
0 0.115625 0.590625 0.0703125 0.0703125
0 0.203125 0.515625 0.059375 0.0578125
0 0.534375 0.8375 0.05625 0.0484375
0 0.5265625 0.928125 0.0484375 0.0484375
0 0.58125 0.6453125 0.05 0.0484375
0 0.621875 0.4625 0.090625 0.0875