0 0.01484375 0.071875 0.0296875 0.05
0 0.01328125 0.57109375 0.0265625 0.0765625
0 0.321875 0.4890625 0.015625 0.04375
0 0.01171875 0.3546875 0.0234375 0.09375
0 0.32265625 0.40625 0.0140625 0.0375
0 0.371875 0.00234375 0.03125 0.0046875
0 0.4234375 0.240625 0.05 0.05
0 0.36640625 0.00703125 0.0359375 0.0140625
0 0.34453125 0.00625 0.0296875 0.0125
0 0.7296875 0.1640625 0.0578125 0.0546875
0 0.8125 0.1296875 0.0453125 0.0453125
0 0.9578125 0.309375 0.034375 0.028125
0 0.71875 0.24375 0.03125 0.0390625
0 0.9046875 0.1265625 0.0453125 0.05625
0 0.928125 0.03125 0.040625 0.0421875
0 0.190625 0.6859375 0.125 0.125
0 0.8453125 0.8390625 0.040625 0.040625