0 0.4484375 0.1625 0.1125 0.1125
0 0.021875 0.43984375 0.04375 0.1203125
0 0.9484375 0.2609375 0.04375 0.05
0 0.54453125 0.753125 0.0109375 0.0375
0 0.4875 0.5109375 0.04375 0.021875
0 0.53359375 0.56484375 0.0328125 0.0515625
0 0.103125 0.715625 0.0515625 0.0234375
0 0.0359375 0.7421875 0.04375 0.04375
0 0.3625 0.690625 0.0609375 0.0234375
0 0.98515625 0.51640625 0.0296875 0.0328125
0 0.978125 0.6015625 0.040625 0.040625
0 0.8984375 0.96875 0.025 0.04375
0 0.6109375 0.5609375 0.121875 0.121875
0 0.8046875 0.5359375 0.071875 0.071875
0 0.659375 0.53203125 0.075 0.0640625