0 0.121875 0.1546875 0.071875 0.040625
0 0.871875 0.0390625 0.140625 0.078125
0 0.5828125 0.1 0.1 0.009375
0 0.38671875 0.08046875 0.0734375 0.0453125
0 0.38359375 0.38671875 0.0265625 0.0265625
0 0.32578125 0.6484375 0.0484375 0.096875
0 0.203125 0.653125 0.053125 0.053125
0 0.171875 0.5953125 0.0421875 0.0421875
0 0.1328125 0.6734375 0.0390625 0.0390625
0 0.103125 0.6390625 0.053125 0.053125
0 0.8234375 0.553125 0.08125 0.08125
0 0.5078125 0.7796875 0.0125 0.059375
0 0.803125 0.74375 0.0671875 0.06875