0 0.05625 0.1453125 0.009375 0.03125
0 0.0953125 0.2171875 0.05 0.05
0 0.1609375 0.3015625 0.0625 0.0625
0 0.06875 0.0234375 0.034375 0.046875
0 0.090625 0.3296875 0.065625 0.071875
0 0.1921875 0.184375 0.05625 0.059375
0 0.125 0.6796875 0.046875 0.046875
0 0.675 0.2953125 0.05625 0.05625
0 0.9375 0.4578125 0.034375 0.03125
0 0.884375 0.103125 0.065625 0.05625
0 0.415625 0.0703125 0.05 0.05
0 0.415625 0.625 0.096875 0.05
0 0.046875 0.8359375 0.09375 0.1
0 0.8515625 0.7796875 0.175 0.096875
0 0.8375 0.875 0.071875 0.071875