0 0.859375 0.3796875 0.0296875 0.0359375
0 0.721875 0.3953125 0.03125 0.03125
0 0.5078125 0.3203125 0.025 0.025
0 0.290625 0.315625 0.0265625 0.0296875
0 0.446875 0.38125 0.0421875 0.0296875
0 0.9234375 0.3234375 0.065625 0.0359375
0 0.4359375 0.146875 0.1484375 0.05
0 0.803125 0.3359375 0.0171875 0.0234375
0 0.375 0.4625 0.0578125 0.05
0 0.634375 0.3140625 0.05 0.0328125
0 0.2484375 0.2765625 0.0484375 0.0359375
0 0.3359375 0.396875 0.05625 0.04375
0 0.075 0.41875 0.04375 0.025
0 0.1484375 0.278125 0.0828125 0.046875
0 0.984375 0.309375 0.03125 0.059375
0 0.065625 0.1625 0.059375 0.0359375
0 0.496875 0.471875 0.0421875 0.046875
0 0.1140625 0.3890625 0.053125 0.040625
0 0.021875 0.3015625 0.0421875 0.0515625