0 0.10625 0.0953125 0.034375 0.034375
0 0.03125 0.309375 0.025 0.025
0 0.0921875 0.3703125 0.0375 0.0375
0 0.046875 0.0140625 0.021875 0.01875
0 0.025 0.1828125 0.0375 0.053125
0 0.1828125 0.3203125 0.04375 0.04375
0 0.634375 0.3578125 0.05 0.0125
0 0.8828125 0.0890625 0.065625 0.065625
0 0.97421875 0.1984375 0.0515625 0.084375
0 0.503125 0.1953125 0.1125 0.1125
0 0.065625 0.6890625 0.05 0.05
0 0.8390625 0.98125 0.06875 0.0375
0 0.5109375 0.509375 0.1625 0.2
0 0.97109375 0.528125 0.0578125 0.2
0 0.98828125 0.615625 0.0234375 0.05625
0 0.97265625 0.521875 0.0546875 0.165625
0 0.93125 0.6203125 0.075 0.075