0 0.4296875 0.4484375 0.05 0.04375
0 0.3484375 0.5390625 0.090625 0.090625
0 0.2953125 0.6 0.040625 0.040625
0 0.9734375 0.528125 0.028125 0.028125
0 0.965625 0.0765625 0.0421875 0.034375
0 0.740625 0.3671875 0.0234375 0.0296875
0 0.7859375 0.521875 0.03125 0.028125
0 0.2859375 0.771875 0.05 0.05
0 0.10703125 0.97578125 0.0953125 0.0484375
0 0.90390625 0.73046875 0.1921875 0.1609375
0 0.7765625 0.98046875 0.04375 0.0390625
0 0.93828125 0.7515625 0.1234375 0.203125
0 0.6734375 0.9359375 0.1109375 0.109375