0 0.125 0.32421875 0.25 0.1671875
0 0.4515625 0.028125 0.1 0.05625
0 0.325 0.078125 0.165625 0.1546875
0 0.55 0.1265625 0.053125 0.053125
0 0.5234375 0.0671875 0.028125 0.0625
0 0.80625 0.365625 0.0546875 0.0546875
0 0.2046875 0.928125 0.096875 0.096875
0 0.0765625 0.8 0.0734375 0.0734375
0 0.296875 0.73125 0.0671875 0.065625
0 0.9265625 0.740625 0.0484375 0.0484375
0 0.834375 0.9484375 0.0359375 0.0359375
0 0.75 0.95 0.0625 0.0625
0 0.640625 0.9484375 0.0765625 0.0765625
0 0.925 0.859375 0.0578125 0.059375
0 0.66171875 0.99296875 0.0703125 0.0140625
0 0.7171875 0.853125 0.0625 0.0625