0 0.52578125 0.66171875 0.2234375 0.0953125
0 0.484375 0.0453125 0.059375 0.059375
0 0.11875 0.5546875 0.06875 0.071875
0 0.0140625 0.134375 0.028125 0.0625
0 0.803125 0.534375 0.059375 0.04375
0 0.403125 0.9640625 0.025 0.03125
0 0.59375 0.9375 0.028125 0.028125
0 0.3328125 0.8546875 0.01875 0.01875
0 0.203125 0.9796875 0.021875 0.021875
0 0.1765625 0.9046875 0.03125 0.03125
0 0.5921875 0.8984375 0.071875 0.05625
0 0.3953125 0.8671875 0.0265625 0.03125
0 0.015625 0.9484375 0.015625 0.04375
0 0.2640625 0.7671875 0.0140625 0.0140625
0 0.771875 0.825 0.071875 0.071875
0 0.8 0.91875 0.06875 0.06875
0 0.7890625 0.871875 0.04375 0.040625
0 0.9453125 0.72890625 0.071875 0.0390625