0 0.29453125 0.396875 0.0296875 0.028125
0 0.9578125 0.0765625 0.06875 0.065625
0 0.6625 0.371875 0.05 0.040625
0 0.38984375 0.0171875 0.0484375 0.034375
0 0.91875 0.403125 0.053125 0.034375
0 0.5640625 0.0515625 0.03125 0.03125
0 0.0703125 0.48984375 0.040625 0.0203125
0 0.3 0.6765625 0.01875 0.078125
0 0.075 0.6171875 0.0171875 0.01875
0 0.453125 0.540625 0.059375 0.059375
0 0.384375 0.75 0.096875 0.096875
0 0.8125 0.525 0.1390625 0.0875
0 0.6625 0.6921875 0.0640625 0.075
0 0.6453125 0.65 0.028125 0.0546875