0 0.4328125 0.240625 0.084375 0.090625
0 0.4265625 0.1890625 0.053125 0.053125
0 0.3796875 0.009375 0.0625 0.01875
0 0.3953125 0.096875 0.065625 0.121875
0 0.62890625 0.3046875 0.0203125 0.053125
0 0.2171875 0.8890625 0.09375 0.025
0 0.30625 0.7421875 0.046875 0.14375
0 0.028125 0.6796875 0.05625 0.059375
0 0.07421875 0.8046875 0.1484375 0.203125
0 0.453125 0.746875 0.053125 0.053125
0 0.484375 0.6890625 0.04375 0.040625
0 0.5234375 0.7671875 0.040625 0.040625
0 0.553125 0.7328125 0.053125 0.05625
0 0.740625 0.7671875 0.10625 0.10625