0 0.075 0.171875 0.03125 0.028125
0 0.9359375 0.140625 0.05625 0.05625
0 0.43046875 0.59609375 0.1171875 0.1265625
0 0.2953125 0.91875 0.078125 0.078125
0 0.1140625 0.565625 0.053125 0.06875
0 0.1046875 0.603125 0.10625 0.10625
0 0.1078125 0.9703125 0.065625 0.059375
0 0.9421875 0.66875 0.028125 0.03125
0 0.99375 0.7765625 0.0125 0.03125
0 0.6921875 0.771875 0.0421875 0.0421875
0 0.71875 0.565625 0.0390625 0.0421875
0 0.5859375 0.7890625 0.034375 0.034375
0 0.653125 0.4921875 0.0421875 0.0453125
0 0.8625 0.9375 0.0125 0.03125