0 0.19375 0.00703125 0.065625 0.0140625
0 0.7140625 0.015625 0.065625 0.03125
0 0.76875 0.2140625 0.053125 0.053125
0 0.496875 0.6421875 0.084375 0.1
0 0.39140625 0.40390625 0.1078125 0.1078125
0 0.35625 0.6796875 0.034375 0.053125
0 0.3578125 0.55 0.0359375 0.0875
0 0.26640625 0.93203125 0.1359375 0.1359375
0 0.21953125 0.98046875 0.1203125 0.0390625
0 0.228125 0.9234375 0.221875 0.153125
0 0.9015625 0.8203125 0.0828125 0.0875
0 0.90078125 0.9921875 0.0453125 0.015625
0 0.98671875 0.83515625 0.0265625 0.0515625
0 0.784375 0.7390625 0.046875 0.0171875