0 0.0640625 0.03203125 0.1125 0.0640625
0 0.0703125 0.14375 0.05 0.053125
0 0.40625 0.6734375 0.0875 0.090625
0 0.4671875 0.690625 0.071875 0.071875
0 0.434375 0.6828125 0.146875 0.146875
0 0.6859375 0.0703125 0.05625 0.05625
0 0.7828125 0.090625 0.040625 0.040625
0 0.709375 0.4984375 0.196875 0.196875
0 0.7171875 0.2640625 0.071875 0.071875
0 0.6984375 0.684375 0.084375 0.084375
0 0.66875 0.4890625 0.05 0.09375
0 0.7046875 0.409375 0.0875 0.078125
0 0.5875 0.43125 0.0609375 0.084375
0 0.4578125 0.79921875 0.1 0.0390625
0 0.3515625 0.815625 0.03125 0.03125
0 0.8578125 0.853125 0.046875 0.040625