0 0.05625 0.0375 0.053125 0.053125
0 0.0828125 0.00625 0.0375 0.0125
0 0.98359375 0.1765625 0.0328125 0.10625
0 0.9609375 0.2546875 0.021875 0.05
0 0.9765625 0.2703125 0.046875 0.1
0 0.8578125 0.3328125 0.1328125 0.0390625
0 0.7515625 0.3984375 0.0796875 0.0796875
0 0.7046875 0.58515625 0.190625 0.1484375
0 0.92578125 0.02734375 0.0484375 0.0546875
0 0.9234375 0.1203125 0.046875 0.046875
0 0.103125 0.95234375 0.121875 0.0953125
0 0.3046875 0.8796875 0.06875 0.06875
0 0.359375 0.675 0.05625 0.03125
0 0.38125 0.95 0.0796875 0.0796875