0 0.2234375 0.15625 0.0625 0.0625
0 0.30078125 0.6765625 0.2578125 0.084375
0 0.203125 0.4296875 0.065625 0.140625
0 0.196875 0.4109375 0.075 0.071875
0 0.021875 0.0578125 0.04375 0.09375
0 0.809375 0.2671875 0.06875 0.065625
0 0.98359375 0.3046875 0.0328125 0.034375
0 0.9546875 0.625 0.021875 0.021875
0 0.6625 0.6046875 0.04375 0.0375
0 0.6875 0.5234375 0.059375 0.059375
0 0.2234375 0.834375 0.05 0.0375
0 0.8015625 0.8015625 0.05625 0.05625
0 0.9359375 0.80625 0.028125 0.0375
0 0.5796875 0.76875 0.0375 0.0375