0 0.2515625 0.1609375 0.028125 0.028125
0 0.1921875 0.3828125 0.025 0.025
0 0.75 0.4203125 0.053125 0.04375
0 0.4859375 0.175 0.0125 0.046875
0 0.653125 0.4171875 0.053125 0.053125
0 0.709375 0.209375 0.065625 0.034375
0 0.5890625 0.309375 0.04375 0.059375
0 0.1328125 0.7671875 0.046875 0.04375
0 0.021875 0.796875 0.028125 0.03125
0 0.1484375 0.8109375 0.053125 0.025
0 0.7671875 0.8296875 0.103125 0.09375
0 0.75 0.6015625 0.11875 0.11875
0 0.678125 0.7328125 0.05625 0.05625
0 0.809375 0.484375 0.153125 0.06875
0 0.5828125 0.5359375 0.03125 0.03125
0 0.6125 0.64375 0.0421875 0.05