0 0.7125 0.103125 0.053125 0.065625
0 0.5296875 0.2234375 0.08125 0.0625
0 0.5375 0.340625 0.053125 0.05625
0 0.409375 0.3484375 0.0375 0.0375
0 0.60625 0.2171875 0.028125 0.0625
0 0.3125 0.090625 0.021875 0.021875
0 0.6421875 0.3421875 0.03125 0.05
0 0.1125 0.284375 0.065625 0.121875
0 0.0796875 0.265625 0.03125 0.03125
0 0.7109375 0.7640625 0.05625 0.078125
0 0.6015625 0.6578125 0.13125 0.13125
0 0.4375 0.753125 0.06875 0.05625
0 0.5328125 0.39296875 0.03125 0.0484375
0 0.81484375 0.78046875 0.1515625 0.2703125
0 0.8265625 0.92578125 0.175 0.1484375
0 0.92890625 0.38046875 0.0515625 0.0234375