0 0.2171875 0.0984375 0.096875 0.096875
0 0.2 0.3265625 0.125 0.125
0 0.128125 0.1953125 0.059375 0.059375
0 0.259375 0.4953125 0.15 0.171875
0 0.259375 0.5234375 0.109375 0.109375
0 0.0328125 0.3921875 0.0375 0.034375
0 0.0625 0.284375 0.05 0.05
0 0.796875 0.10625 0.065625 0.05
0 0.73125 0.1953125 0.05625 0.053125
0 0.2328125 0.825 0.053125 0.053125
0 0.075 0.8 0.1 0.1
0 0.1125 0.84375 0.05625 0.05625
0 0.40234375 0.97265625 0.0546875 0.0546875
0 0.3140625 0.990625 0.0375 0.01875
0 0.1421875 0.925 0.05625 0.134375
0 0.034375 0.975 0.06875 0.05
0 0.8296875 0.9765625 0.046875 0.046875