0 0.334375 0.4234375 0.046875 0.046875
0 0.653125 0.35234375 0.046875 0.2328125
0 0.7484375 0.1625 0.1609375 0.1625
0 0.8859375 0.103125 0.196875 0.1125
0 0.40625 0.896875 0.040625 0.040625
0 0.41953125 0.47734375 0.1734375 0.0171875
0 0.30625 0.48359375 0.0625 0.0296875
0 0.4515625 0.64375 0.05625 0.0625
0 0.1765625 0.7 0.0640625 0.0671875
0 0.80625 0.97421875 0.06875 0.0515625
0 0.9625 0.79453125 0.075 0.0609375
0 0.7046875 0.6109375 0.03125 0.0453125
0 0.95234375 0.95546875 0.0578125 0.0890625
0 0.9359375 0.6625 0.0421875 0.0359375
0 0.9546875 0.9359375 0.0578125 0.075
0 0.9296875 0.7171875 0.0265625 0.0328125
0 0.93671875 0.9921875 0.0421875 0.015625
0 0.9328125 0.690625 0.0359375 0.0953125
0 0.940625 0.8140625 0.0296875 0.0390625