0 0.1953125 0.09375 0.06875 0.06875
0 0.2828125 0.3796875 0.109375 0.109375
0 0.8078125 0.471875 0.053125 0.053125
0 0.95390625 0.57734375 0.0921875 0.0234375
0 0.9203125 0.05625 0.06875 0.06875
0 0.7609375 0.003125 0.034375 0.00625
0 0.85625 0.11875 0.0375 0.034375
0 0.734375 0.0546875 0.028125 0.028125
0 0.2734375 0.7796875 0.090625 0.084375
0 0.0359375 0.7234375 0.071875 0.05625
0 0.4421875 0.8265625 0.0328125 0.028125
0 0.8921875 0.8484375 0.11875 0.128125
0 0.75625 0.9515625 0.08125 0.084375
0 0.70625 0.8671875 0.05 0.05