0 0.18125 0.1015625 0.046875 0.053125
0 0.146875 0.03125 0.028125 0.05
0 0.121875 0.1296875 0.04375 0.040625
0 0.1375 0.2046875 0.059375 0.05625
0 0.10625 0.446875 0.1125 0.1125
0 0.6578125 0.4265625 0.071875 0.071875
0 0.590625 0.2515625 0.059375 0.05625
0 0.8921875 0.5 0.071875 0.06875
0 0.5515625 0.1421875 0.065625 0.146875
0 0.56015625 0.11171875 0.0828125 0.2234375
0 0.95859375 0.5578125 0.0828125 0.146875
0 0.7609375 0.6359375 0.1015625 0.1015625
0 0.9484375 0.5515625 0.1015625 0.0390625
0 0.3984375 0.728125 0.16875 0.05625
0 0.0109375 0.7734375 0.021875 0.075
0 0.50078125 0.878125 0.0359375 0.05625
0 0.159375 0.978125 0.040625 0.0375
0 0.76875 0.8359375 0.065625 0.065625