0 0.540625 0.475 0.0671875 0.0671875
0 0.6078125 0.3 0.021875 0.0921875
0 0.0421875 0.528125 0.046875 0.046875
0 0.096875 0.215625 0.1 0.0859375
0 0.30625 0.5484375 0.071875 0.0625
0 0.6875 0.190625 0.1375 0.14375
0 0.7421875 0.0796875 0.1140625 0.1140625
0 0.7125 0.15625 0.1875 0.26875
0 0.209375 0.60625 0.221875 0.0515625
0 0.06875 0.88984375 0.1375 0.1765625
0 0.44375 0.803125 0.071875 0.071875
0 0.4375 0.684375 0.1015625 0.1015625
0 0.0375 0.98046875 0.075 0.0390625
0 0.3546875 0.990625 0.034375 0.01875
0 0.25 0.6 0.1015625 0.0390625