0 0.125 0.225 0.059375 0.059375
0 0.14375 0.025 0.0828125 0.05
0 0.584375 0.546875 0.0328125 0.078125
0 0.79375 0.5625 0.0703125 0.0703125
0 0.6203125 0.3421875 0.103125 0.15625
0 0.634375 0.0203125 0.0515625 0.040625
0 0.6625 0.146875 0.0484375 0.05
0 0.88125 0.1375 0.075 0.0875
0 0.6 0.375 0.0609375 0.10625
0 0.653125 0.23125 0.046875 0.0796875
0 0.896875 0.1125 0.053125 0.0375
0 0.521875 0.9125 0.0921875 0.103125
0 0.05625 0.821875 0.046875 0.040625
0 0.88359375 0.90234375 0.1265625 0.1953125