0 0.471875 0.36875 0.10625 0.10625
0 0.4375 0.2125 0.1 0.1
0 0.4 0.0640625 0.053125 0.034375
0 0.5296875 0.065625 0.065625 0.0625
0 0.4078125 0.2875 0.34375 0.284375
0 0.146875 0.02421875 0.146875 0.0484375
0 0.140625 0.02578125 0.19375 0.0515625
0 0.6921875 0.0765625 0.053125 0.0625
0 0.6640625 0.134375 0.04375 0.046875
0 0.68125 0.1046875 0.096875 0.096875
0 0.54375 0.9765625 0.065625 0.046875
0 0.478125 0.8890625 0.053125 0.053125
0 0.6578125 0.809375 0.04375 0.0375
0 0.7109375 0.5359375 0.04375 0.040625
0 0.7265625 0.575 0.053125 0.053125
0 0.95 0.5375 0.028125 0.028125