0 0.51875 0.3625 0.0625 0.059375
0 0.0734375 0.4640625 0.040625 0.040625
0 0.00703125 0.128125 0.0140625 0.034375
0 0.7203125 0.103125 0.075 0.053125
0 0.94375 0.2109375 0.03125 0.03125
0 0.58359375 0.4328125 0.0296875 0.046875
0 0.96875 0.321875 0.0375 0.04375
0 0.98984375 0.3765625 0.0203125 0.040625
0 0.55703125 0.9515625 0.0234375 0.025
0 0.1546875 0.784375 0.04375 0.03125
0 0.1828125 0.9 0.075 0.075
0 0.0390625 0.5984375 0.0375 0.03125
0 0.278125 0.6765625 0.028125 0.028125
0 0.9359375 0.98984375 0.0875 0.0203125
0 0.88515625 0.53515625 0.1515625 0.0515625