0 0.1328125 0.4109375 0.0625 0.0625
0 0.7734375 0.0109375 0.06875 0.021875
0 0.9546875 0.1765625 0.065625 0.06875
0 0.6796875 0.0234375 0.065625 0.046875
0 0.8875 0.296875 0.071875 0.075
0 0.7265625 0.0125 0.04375 0.025
0 0.8859375 0.159375 0.06875 0.06875
0 0.0578125 0.96796875 0.096875 0.0640625
0 0.51875 0.6609375 0.053125 0.053125
0 0.6765625 0.6859375 0.1 0.096875
0 0.6390625 0.6421875 0.059375 0.059375
0 0.484375 0.4671875 0.078125 0.015625
0 0.4375 0.4875 0.0390625 0.0359375
0 0.609375 0.5609375 0.046875 0.1328125
0 0.73671875 0.496875 0.1109375 0.075