0 0.225 0.3 0.059375 0.059375
0 0.16875 0.278125 0.071875 0.071875
0 0.3265625 0.6453125 0.05625 0.021875
0 0.2109375 0.3421875 0.040625 0.025
0 0.0890625 0.634375 0.0375 0.040625
0 0.01796875 0.6140625 0.0359375 0.06875
0 0.0125 0.50859375 0.025 0.0640625
0 0.0734375 0.4015625 0.034375 0.034375
0 0.090625 0.7546875 0.0484375 0.0453125
0 0.84375 0.33671875 0.05 0.0140625
0 0.990625 0.4125 0.01875 0.065625
0 0.875 0.43125 0.078125 0.075
0 0.6484375 0.865625 0.140625 0.140625
0 0.7578125 0.64375 0.040625 0.0390625