0 0.209375 0.31875 0.0375 0.0375
0 0.2921875 0.3375 0.046875 0.05625
0 0.94296875 0.0546875 0.1140625 0.109375
0 0.7515625 0.01875 0.165625 0.0375
0 0.89375 0.128125 0.059375 0.0625
0 0.6390625 0.48125 0.065625 0.065625
0 0.48671875 0.98046875 0.0453125 0.0390625
0 0.02109375 0.65390625 0.0421875 0.0296875
0 0.146875 0.97265625 0.096875 0.0546875
0 0.6546875 0.728125 0.065625 0.065625
0 0.765625 0.65234375 0.08125 0.0265625
0 0.9765625 0.715625 0.046875 0.053125
0 0.8484375 0.9234375 0.09375 0.090625