0 0.03671875 0.378125 0.0734375 0.0625
0 0.1328125 0.3796875 0.0625 0.059375
0 0.5140625 0.1640625 0.025 0.025
0 0.509375 0.38125 0.03125 0.028125
0 0.575 0.225 0.0375 0.0375
0 0.340625 0.2359375 0.05 0.1484375
0 0.65625 0.296875 0.05 0.0578125
0 0.5078125 0.0375 0.0328125 0.05
0 0.46953125 0.40390625 0.0359375 0.0109375
0 0.590625 0.3359375 0.04375 0.05625
0 0.665625 0.175 0.046875 0.0421875
0 0.1703125 0.8609375 0.053125 0.053125
0 0.35625 0.4296875 0.06875 0.040625
0 0.9203125 0.9703125 0.0484375 0.0453125
0 0.8015625 0.6390625 0.071875 0.071875
0 0.8484375 0.5859375 0.059375 0.059375