0 0.3796875 0.315625 0.0640625 0.0640625
0 0.25625 0.0453125 0.0453125 0.0546875
0 0.1765625 0.053125 0.084375 0.084375
0 0.1296875 0.3796875 0.0875 0.01875
0 0.74375 0.175 0.0765625 0.0765625
0 0.8125 0.0890625 0.06875 0.06875
0 0.8125 0.1890625 0.0484375 0.04375
0 0.4828125 0.6390625 0.053125 0.0875
0 0.203125 0.778125 0.05625 0.05625
0 0.328125 0.8875 0.028125 0.028125
0 0.4171875 0.70625 0.06875 0.06875
0 0.753125 0.971875 0.053125 0.053125
0 0.778125 0.9140625 0.05625 0.05625
0 0.5875 0.98125 0.05625 0.0375
0 0.66875 0.8765625 0.06875 0.06875
0 0.609375 0.915625 0.040625 0.040625
0 0.559375 0.403125 0.0515625 0.028125
0 0.709375 0.86875 0.0765625 0.0765625