0 0.2703125 0.15 0.040625 0.040625
0 0.0359375 0.31875 0.071875 0.06875
0 0.04375 0.41015625 0.028125 0.0171875
0 0.3234375 0.4109375 0.04375 0.015625
0 0.3390625 0.384375 0.053125 0.053125
0 0.95625 0.065625 0.04375 0.04375
0 0.8796875 0.40859375 0.034375 0.0203125
0 0.95 0.2515625 0.025 0.025
0 0.8671875 0.1734375 0.040625 0.0375
0 0.1046875 0.8234375 0.09375 0.09375
0 0.3390625 0.8203125 0.1 0.1
0 0.9171875 0.43125 0.0375 0.025
0 0.93828125 0.653125 0.1234375 0.146875
0 0.98203125 0.5640625 0.0359375 0.10625
0 0.471875 0.7359375 0.0625 0.0625