0 0.3734375 0.6234375 0.08125 0.03125
0 0.4265625 0.55625 0.096875 0.1
0 0.334375 0.521875 0.046875 0.046875
0 0.0796875 0.5953125 0.0546875 0.053125
0 0.125 0.6296875 0.046875 0.01875
0 0.290625 0.584375 0.01875 0.0375
0 0.2109375 0.328125 0.084375 0.08125
0 0.1 0.00625 0.03125 0.0125
0 0.021875 0.190625 0.0375 0.0375
0 0.246875 0.06875 0.05625 0.05625
0 0.6015625 0.034375 0.0625 0.0625
0 0.6 0.3015625 0.09375 0.09375
0 0.796875 0.296875 0.09375 0.059375
0 0.6953125 0.209375 0.078125 0.078125
0 0.415625 0.846875 0.103125 0.146875
0 0.4390625 0.696875 0.084375 0.084375
0 0.3828125 0.9640625 0.0375 0.0375
0 0.596875 0.86875 0.0625 0.0625
0 0.9359375 0.8671875 0.03125 0.03125