0 0.2828125 0.0078125 0.04375 0.015625
0 0.0703125 0.2484375 0.065625 0.046875
0 0.25625 0.9671875 0.1125 0.065625
0 0.0984375 0.90625 0.071875 0.075
0 0.290625 0.834375 0.103125 0.103125
0 0.05 0.721875 0.1 0.13125
0 0.328125 0.6859375 0.05625 0.0375
0 0.1984375 0.6875 0.0875 0.0375
0 0.196875 0.9125 0.325 0.175
0 0.675 0.6484375 0.0625 0.10625
0 0.4796875 0.81875 0.028125 0.03125
0 0.3890625 0.7234375 0.034375 0.034375
0 0.746875 0.7484375 0.103125 0.134375
0 0.3859375 0.5921875 0.034375 0.03125
0 0.384375 0.83046875 0.05 0.0515625