0 0.1546875 0.3390625 0.046875 0.021875
0 0.0671875 0.3109375 0.04375 0.04375
0 0.55625 0.0953125 0.034375 0.040625
0 0.4546875 0.89375 0.040625 0.040625
0 0.03671875 0.90703125 0.0734375 0.1140625
0 0.02734375 0.79375 0.0546875 0.0625
0 0.2015625 0.9390625 0.0625 0.0625
0 0.0515625 0.3625 0.09375 0.025
0 0.0375 0.3953125 0.065625 0.065625
0 0.2578125 0.6640625 0.071875 0.06875
0 0.6890625 0.9625 0.10625 0.075
0 0.9359375 0.4234375 0.03125 0.03125
0 0.971875 0.7609375 0.040625 0.040625
0 0.596875 0.7578125 0.05625 0.05625