0 0.35 0.45546875 0.11875 0.0484375
0 0.2140625 0.4703125 0.10625 0.01875
0 0.1078125 0.4 0.034375 0.034375
0 0.98984375 0.4359375 0.0203125 0.028125
0 0.5890625 0.26875 0.0375 0.0375
0 0.6171875 0.384375 0.065625 0.075
0 0.4734375 0.0828125 0.034375 0.034375
0 0.7125 0.1609375 0.028125 0.028125
0 0.2515625 0.553125 0.115625 0.065625
0 0.1328125 0.9875 0.04375 0.025
0 0.05 0.5421875 0.03125 0.034375
0 0.1625 0.6609375 0.0421875 0.040625
0 0.42890625 0.6015625 0.0390625 0.10625
0 0.4890625 0.771875 0.1125 0.1109375
0 0.61875 0.8984375 0.040625 0.01875
0 0.9234375 0.88125 0.0484375 0.0484375
0 0.8984375 0.546875 0.08125 0.08125