0 0.165625 0.25 0.040625 0.0375
0 0.0296875 0.3640625 0.05 0.046875
0 0.0859375 0.1375 0.09375 0.0875
0 0.5125 0.3765625 0.059375 0.059375
0 0.90078125 0.009375 0.0390625 0.01875
0 0.9046875 0.0671875 0.05625 0.053125
0 0.8609375 0.1203125 0.05625 0.06875
0 0.2765625 0.934375 0.1375 0.13125
0 0.3265625 0.91875 0.0375 0.0375
0 0.2265625 0.640625 0.078125 0.078125
0 0.4015625 0.61875 0.0375 0.028125
0 0.3984375 0.5875 0.05 0.09375
0 0.8390625 0.49375 0.06875 0.071875
0 0.8828125 0.8171875 0.0375 0.0375
0 0.9046875 0.93125 0.034375 0.040625