0 0.5875 0.109375 0.025 0.0453125
0 0.521875 0.140625 0.096875 0.1
0 0.4703125 0.078125 0.0421875 0.0421875
0 0.259375 0.165625 0.071875 0.071875
0 0.41875 0.23125 0.0421875 0.0421875
0 0.4703125 0.1640625 0.0265625 0.0265625
0 0.1875 0.1421875 0.0296875 0.0296875
0 0.334375 0.0640625 0.1515625 0.128125
0 0.953125 0.2375 0.09375 0.1015625
0 0.95859375 0.0375 0.0828125 0.075
0 0.45 0.4109375 0.0359375 0.0359375
0 0.325 0.6328125 0.0578125 0.0578125
0 0.2859375 0.7125 0.0359375 0.0390625
0 0.471875 0.871875 0.0640625 0.0328125
0 0.1375 0.984375 0.0359375 0.0296875
0 0.4046875 0.628125 0.0390625 0.0390625
0 0.275 0.80625 0.0578125 0.0546875
0 0.178125 0.821875 0.0453125 0.0453125
0 0.9 0.875 0.09375 0.25