0 0.1875 0.02421875 0.06875 0.0484375
0 0.1453125 0.4015625 0.046875 0.05
0 0.146875 0.13125 0.053125 0.053125
0 0.1671875 0.190625 0.028125 0.025
0 0.2453125 0.184375 0.03125 0.03125
0 0.3859375 0.1734375 0.034375 0.121875
0 0.1765625 0.515625 0.075 0.0625
0 0.1140625 0.934375 0.046875 0.046875
0 0.7375 0.534375 0.059375 0.059375
0 0.4640625 0.5546875 0.103125 0.103125
0 0.4828125 0.5609375 0.09375 0.046875
0 0.8421875 0.8890625 0.1 0.10625
0 0.9296875 0.671875 0.05 0.05
0 0.8359375 0.7609375 0.096875 0.096875
0 0.8109375 0.9078125 0.059375 0.059375