0 0.28984375 0.19453125 0.1109375 0.3890625
0 0.86875 0.309375 0.03125 0.028125
0 0.6078125 0.059375 0.034375 0.034375
0 0.6578125 0.24375 0.034375 0.034375
0 0.584375 0.375 0.025 0.025
0 0.696875 0.2375 0.08125 0.0890625
0 0.728125 0.36875 0.0390625 0.0390625
0 0.7046875 0.0390625 0.034375 0.034375
0 0.9484375 0.0046875 0.0125 0.009375
0 0.10625 0.9421875 0.18125 0.096875
0 0.084375 0.75234375 0.16875 0.2890625
0 0.01953125 0.5265625 0.0390625 0.175
0 0.1171875 0.6015625 0.0875 0.075
0 0.146875 0.6625 0.0765625 0.0765625
0 0.2125 0.659375 0.0640625 0.0640625
0 0.5859375 0.6265625 0.053125 0.0625