0 0.2578125 0.121875 0.103125 0.159375
0 0.246875 0.03125 0.071875 0.05625
0 0.2234375 0.0078125 0.028125 0.015625
0 0.8640625 0.3515625 0.0375 0.040625
0 0.575 0.178125 0.071875 0.078125
0 0.5140625 0.4234375 0.05 0.03125
0 0.7921875 0.2453125 0.040625 0.040625
0 0.30078125 0.61875 0.0171875 0.103125
0 0.2984375 0.71875 0.021875 0.053125
0 0.165625 0.7484375 0.04375 0.04375
0 0.7921875 0.8625 0.0875 0.090625
0 0.5515625 0.621875 0.065625 0.065625
0 0.6546875 0.7328125 0.0875 0.090625
0 0.5640625 0.946875 0.053125 0.053125
0 0.7609375 0.81875 0.03125 0.03125
0 0.6890625 0.4671875 0.040625 0.040625
0 0.35625 0.815625 0.0875 0.090625