0 0.3203125 0.025 0.10625 0.05
0 0.8421875 0.1921875 0.09375 0.09375
0 0.8703125 0.2578125 0.059375 0.059375
0 0.6140625 0.2609375 0.0875 0.0828125
0 0.97109375 0.15234375 0.0578125 0.0546875
0 0.7953125 0.2609375 0.034375 0.0453125
0 0.6296875 0.171875 0.0515625 0.034375
0 0.5328125 0.378125 0.0171875 0.046875
0 0.3265625 0.59296875 0.14375 0.0484375
0 0.4078125 0.59140625 0.04375 0.0453125
0 0.7171875 0.7640625 0.05 0.040625
0 0.8140625 0.7671875 0.053125 0.053125
0 0.7578125 0.97421875 0.053125 0.0515625
0 0.878125 0.875 0.0390625 0.059375