0 0.59375 0.1203125 0.0359375 0.0359375
0 0.51875 0.009375 0.06875 0.0171875
0 0.8546875 0.2265625 0.08125 0.025
0 0.9765625 0.2 0.046875 0.0484375
0 0.3578125 0.38125 0.0609375 0.0609375
0 0.16875 0.3171875 0.11875 0.11875
0 0.240625 0.38125 0.146875 0.146875
0 0.615625 0.8671875 0.028125 0.053125
0 0.465625 0.5578125 0.065625 0.065625
0 0.459375 0.9890625 0.0890625 0.021875
0 0.5125 0.50625 0.0484375 0.0578125
0 0.5234375 0.253125 0.04375 0.0296875
0 0.028125 0.9 0.0546875 0.0578125
0 0.49375 0.890625 0.140625 0.1765625
0 0.334375 0.50625 0.0625 0.0765625