0 0.74375 0.140625 0.059375 0.059375
0 0.7125 0.196875 0.05625 0.05625
0 0.4953125 0.33125 0.071875 0.03125
0 0.6390625 0.02890625 0.059375 0.0578125
0 0.61875 0.309375 0.05 0.04375
0 0.7375 0.046875 0.059375 0.0734375
0 0.47421875 0.35859375 0.0296875 0.0265625
0 0.4484375 0.765625 0.021875 0.06875
0 0.5734375 0.7609375 0.071875 0.071875
0 0.50625 0.59140625 0.025 0.0828125
0 0.8078125 0.834375 0.075 0.065625
0 0.896875 0.89140625 0.20625 0.0515625
0 0.67578125 0.959375 0.1015625 0.08125
0 0.8640625 0.8859375 0.1015625 0.0390625