0 0.38828125 0.665625 0.0609375 0.084375
0 0.328125 0.234375 0.034375 0.065625
0 0.3890625 0.4484375 0.04375 0.04375
0 0.7453125 0.4390625 0.059375 0.059375
0 0.5359375 0.4546875 0.071875 0.071875
0 0.709375 0.234375 0.10625 0.159375
0 0.6671875 0.0390625 0.05 0.05
0 0.45234375 0.03671875 0.0671875 0.0734375
0 0.7296875 0.2671875 0.06875 0.109375
0 0.6765625 0.1234375 0.046875 0.0796875
0 0.4390625 0.01171875 0.040625 0.0234375
0 0.3875 0.76875 0.0625 0.0875
0 0.03984375 0.97578125 0.0796875 0.0484375
0 0.121875 0.98671875 0.096875 0.0265625
0 0.08125 0.9421875 0.05 0.046875