0 0.0484375 0.2390625 0.0625 0.065625
0 0.3796875 0.2171875 0.04375 0.04375
0 0.303125 0.071875 0.021875 0.021875
0 0.1546875 0.209375 0.05625 0.0375
0 0.83125 0.1984375 0.078125 0.078125
0 0.96015625 0.37578125 0.0796875 0.1109375
0 0.2671875 0.60078125 0.06875 0.0421875
0 0.0875 0.70625 0.0625 0.0625
0 0.109375 0.69375 0.10625 0.10625
0 0.13125 0.690625 0.0875 0.0875
0 0.57734375 0.59375 0.0578125 0.028125
0 0.63359375 0.73046875 0.0328125 0.0890625
0 0.9171875 0.721875 0.071875 0.0671875
0 0.6671875 0.80859375 0.034375 0.1078125