0 0.0359375 0.50625 0.025 0.025
0 0.3875 0.1609375 0.05 0.046875
0 0.3265625 0.184375 0.03125 0.03125
0 0.346875 0.1 0.028125 0.028125
0 0.3015625 0.10625 0.034375 0.0328125
0 0.9078125 0.3625 0.0515625 0.0515625
0 0.7578125 0.253125 0.0671875 0.09375
0 0.965625 0.3578125 0.0671875 0.0421875
0 0.8671875 0.3703125 0.034375 0.053125
0 0.1875 0.984375 0.059375 0.03125
0 0.6765625 0.5875 0.03125 0.028125
0 0.728125 0.5390625 0.040625 0.040625
0 0.515625 0.8203125 0.0296875 0.0234375
0 0.6703125 0.775 0.028125 0.03125
0 0.85 0.8125 0.040625 0.0328125