0 0.10625 0.1796875 0.0625 0.359375
0 0.1140625 0.09375 0.209375 0.1875
0 0.41796875 0.3125 0.0234375 0.09375
0 0.39453125 0.49296875 0.0703125 0.0484375
0 0.3375 0.5859375 0.090625 0.090625
0 0.01171875 0.95 0.0234375 0.06875
0 0.01484375 0.875 0.0296875 0.05
0 0.5328125 0.69375 0.053125 0.053125
0 0.690625 0.66875 0.1 0.1
0 0.653125 0.7125 0.059375 0.059375
0 0.4984375 0.91875 0.078125 0.078125
0 0.4515625 0.8671875 0.0390625 0.0359375
0 0.6234375 0.79375 0.046875 0.1328125
0 0.7515625 0.875 0.1109375 0.1109375