0 0.36875 0.2125 0.140625 0.040625
0 0.84375 0.4375 0.046875 0.04375
0 0.8609375 0.1421875 0.025 0.04375
0 0.9390625 0.1203125 0.05625 0.0625
0 0.4890625 0.7375 0.0375 0.08125
0 0.08671875 0.94453125 0.1734375 0.1109375
0 0.1546875 0.50234375 0.075 0.0859375
0 0.4625 0.93125 0.03125 0.034375
0 0.1515625 0.5546875 0.0609375 0.034375
0 0.0984375 0.7625 0.0609375 0.0984375
0 0.1265625 0.6484375 0.0546875 0.1140625
0 0.6375 0.91875 0.04375 0.0375
0 0.7546875 0.928125 0.040625 0.03125
0 0.7171875 0.953125 0.034375 0.03125