0 0.221875 0.2265625 0.04375 0.1046875
0 0.3421875 0.4484375 0.0640625 0.05
0 0.6078125 0.4546875 0.040625 0.053125
0 0.603125 0.3453125 0.040625 0.03125
0 0.7578125 0.56875 0.0390625 0.0421875
0 0.175 0.628125 0.0953125 0.0609375
0 0.44375 0.8125 0.03125 0.0453125
0 0.5625 0.63125 0.08125 0.0375
0 0.1953125 0.4453125 0.0578125 0.134375
0 0.5859375 0.78125 0.034375 0.034375
0 0.75 0.2875 0.034375 0.04375
0 0.9 0.3453125 0.0328125 0.0265625
0 0.596875 0.659375 0.034375 0.08125
0 0.2125 0.7609375 0.0421875 0.0359375
0 0.19375 0.4875 0.0578125 0.075
0 0.21875 0.70625 0.0265625 0.0328125
0 0.2109375 0.4078125 0.0421875 0.0609375
0 0.215625 0.7328125 0.0359375 0.0953125
0 0.7078125 0.1609375 0.0375 0.028125
0 0.8765625 0.2765625 0.028125 0.040625
0 0.2078125 0.609375 0.0296875 0.0390625
0 0.071875 0.5640625 0.0265625 0.040625
0 0.7 0.153125 0.053125 0.04375