0 0.478125 0.0859375 0.059375 0.059375
0 0.2125 0.0921875 0.040625 0.053125
0 0.0625 0.20625 0.040625 0.04375
0 0.63359375 0.265625 0.0703125 0.0625
0 0.3765625 0.45 0.0375 0.0375
0 0.2578125 0.26875 0.08125 0.0375
0 0.621875 0.0828125 0.09375 0.1
0 0.234375 0.41875 0.034375 0.0375
0 0.2234375 0.296875 0.0375 0.08125
0 0.6078125 0.3984375 0.046875 0.0375
0 0.6265625 0.125 0.0625 0.078125
0 0.6015625 0.34375 0.028125 0.028125
0 0.609375 0.0453125 0.04375 0.0625
0 0.6046875 0.3703125 0.071875 0.071875
0 0.6125 0.246875 0.028125 0.0375
0 0.1234375 0.88046875 0.246875 0.2390625
0 0.26328125 0.6546875 0.1453125 0.071875