0 0.05 0.4359375 0.0625 0.0640625
0 0.540625 0.284375 0.05625 0.05625
0 0.571875 0.340625 0.05625 0.05625
0 0.9328125 0.48125 0.06875 0.015625
0 0.796875 0.475 0.0859375 0.028125
0 0.88125 0.359375 0.08125 0.08125
0 0.6453125 0.171875 0.0640625 0.046875
0 0.815625 0.08125 0.0390625 0.0359375
0 0.665625 0.453125 0.05 0.04375
0 0.546875 0.190625 0.059375 0.0734375
0 0.4890625 0.9921875 0.021875 0.015625
0 0.065625 0.55625 0.08125 0.08125
0 0.98046875 0.8546875 0.0390625 0.05625
0 0.825 0.846875 0.0359375 0.0359375
0 0.83125 0.503125 0.0734375 0.0265625