0 0.4140625 0.0375 0.0625 0.053125
0 0.28125 0.0640625 0.05625 0.05625
0 0.0125 0.5484375 0.025 0.0625
0 0.053125 0.5921875 0.053125 0.053125
0 0.04453125 0.56171875 0.0890625 0.1140625
0 0.75 0.5421875 0.06875 0.059375
0 0.53125 0.703125 0.0625 0.05625
0 0.471875 0.8984375 0.125 0.121875
0 0.628125 0.840625 0.0375 0.0625
0 0.8703125 0.94375 0.071875 0.0875
0 0.7296875 0.990625 0.053125 0.01875
0 0.76875 0.8546875 0.071875 0.065625
0 0.8546875 0.9625 0.0578125 0.053125
0 0.8796875 0.921875 0.0640625 0.05