0 0.4828125 0.0171875 0.040625 0.034375
0 0.496875 0.3609375 0.0375 0.05
0 0.490625 0.2265625 0.040625 0.040625
0 0.5953125 0.175 0.06875 0.06875
0 0.5984375 0.4859375 0.053125 0.053125
0 0.95625 0.3359375 0.0875 0.103125
0 0.7671875 0.4109375 0.0421875 0.0421875
0 0.4125 0.65859375 0.034375 0.0171875
0 0.2578125 0.65390625 0.028125 0.0078125
0 0.3078125 0.778125 0.04375 0.04375
0 0.00546875 0.796875 0.0109375 0.03125
0 0.015625 0.75625 0.03125 0.034375
0 0.01328125 0.78984375 0.0265625 0.0453125
0 0.0203125 0.75625 0.040625 0.053125
0 0.6203125 0.66953125 0.10625 0.0390625
0 0.984375 0.9203125 0.03125 0.046875
0 0.6453125 0.771875 0.0390625 0.0484375