0 0.203125 0.178125 0.0625 0.0625
0 0.2046875 0.125 0.05625 0.115625
0 0.11796875 0.17421875 0.2359375 0.0890625
0 0.98125 0.1375 0.0375 0.053125
0 0.81796875 0.0046875 0.0421875 0.009375
0 0.840625 0.075 0.059375 0.053125
0 0.984375 0.24765625 0.03125 0.0484375
0 0.3234375 0.29375 0.05625 0.028125
0 0.0265625 0.93203125 0.053125 0.1359375
0 0.5703125 0.89765625 0.41875 0.2046875
0 0.60078125 0.88125 0.3578125 0.2375
0 0.71484375 0.80078125 0.1296875 0.0765625
0 0.921875 0.53203125 0.15625 0.5046875
0 0.8375 0.915625 0.0875 0.0875
0 0.953125 0.940625 0.0671875 0.0671875