0 0.4109375 0.00859375 0.065625 0.0171875
0 0.9921875 0.28125 0.015625 0.05625
0 0.75 0.11875 0.034375 0.03125
0 0.234375 0.6953125 0.028125 0.03125
0 0.3421875 0.75625 0.03125 0.028125
0 0.16875 0.90625 0.034375 0.034375
0 0.3 0.9796875 0.025 0.025
0 0.1625 0.8671875 0.0890625 0.08125
0 0.29375 0.8359375 0.0390625 0.0390625
0 0.371875 0.809375 0.01875 0.025
0 0.3875 0.7828125 0.0109375 0.03125
0 0.3375 0.4453125 0.0421875 0.0421875
0 0.13125 0.471875 0.0421875 0.0390625
0 0.3546875 0.34296875 0.034375 0.0265625
0 0.0578125 0.40625 0.0453125 0.0421875
0 0.503125 0.615625 0.03125 0.0125
0 0.6625 0.596875 0.034375 0.040625
0 0.8125 0.6109375 0.028125 0.053125
0 0.7953125 0.75 0.0375 0.0375
0 0.803125 0.34765625 0.034375 0.0359375
0 0.96875 0.9109375 0.028125 0.0484375
0 0.7328125 0.696875 0.034375 0.0234375
0 0.896875 0.6359375 0.028125 0.0234375