0 0.215625 0.1984375 0.05625 0.05625
0 0.54375 0.165625 0.096875 0.096875
0 0.99140625 0.315625 0.0171875 0.084375
0 0.42578125 0.190625 0.1140625 0.13125
0 0.428125 0.1296875 0.11875 0.225
0 0.06328125 0.48046875 0.1265625 0.0828125
0 0.175 0.6015625 0.046875 0.065625
0 0.0921875 0.6015625 0.071875 0.0609375
0 0.0296875 0.8078125 0.059375 0.146875
0 0.0609375 0.9015625 0.08125 0.08125
0 0.9375 0.690625 0.05625 0.05625
0 0.98125 0.5125 0.0375 0.046875
0 0.834375 0.8734375 0.08125 0.0625
0 0.6625 0.5546875 0.05 0.05
0 0.59375 0.4859375 0.0875 0.090625
0 0.4 0.5671875 0.0625 0.034375