0 0.096875 0.14375 0.0625 0.0625
0 0.02109375 0.225 0.0421875 0.053125
0 0.73125 0.1296875 0.09375 0.0375
0 0.9 0.4484375 0.0875 0.0625
0 0.0296875 0.7421875 0.046875 0.046875
0 0.025 0.6328125 0.0375 0.0375
0 0.1796875 0.85625 0.04375 0.04375
0 0.0078125 0.91875 0.015625 0.0625
0 0.171875 0.575 0.034375 0.04375
0 0.321875 0.6328125 0.0328125 0.0265625
0 0.01875 0.946875 0.034375 0.08125
0 0.2984375 0.5640625 0.028125 0.040625
0 0.8140625 0.9140625 0.03125 0.028125
0 0.4015625 0.5359375 0.0375 0.05
0 0.4171875 0.6171875 0.0375 0.034375
0 0.6453125 0.8609375 0.040625 0.040625
0 0.4015625 0.8421875 0.040625 0.040625
0 0.80625 0.65625 0.0265625 0.0390625