0 0.35 0.203125 0.040625 0.04375
0 0.5796875 0.0390625 0.06875 0.06875
0 0.5890625 0.26875 0.059375 0.059375
0 0.5328125 0.3859375 0.025 0.021875
0 0.5921875 0.125 0.025 0.0328125
0 0.9078125 0.2203125 0.0203125 0.0203125
0 0.5546875 0.1546875 0.025 0.0265625
0 0.9578125 0.3765625 0.0328125 0.0328125
0 0.55 0.1 0.046875 0.04375
0 0.640625 0.40625 0.015625 0.0171875
0 0.9203125 0.1578125 0.03125 0.0265625
0 0.8203125 0.2890625 0.0140625 0.0140625
0 0.1796875 0.609375 0.034375 0.034375
0 0.2625 0.628125 0.046875 0.05625
0 0.959375 0.7921875 0.08125 0.05625
0 0.98359375 0.865625 0.0328125 0.053125
0 0.534375 0.51875 0.0703125 0.046875