0 0.01015625 0.1921875 0.0203125 0.040625
0 0.8875 0.325 0.05625 0.05625
0 0.96875 0.1 0.0625 0.071875
0 0.825 0.0828125 0.0375 0.0375
0 0.7265625 0.2484375 0.0375 0.0375
0 0.571875 0.2484375 0.028125 0.028125
0 0.621875 0.3828125 0.05 0.0359375
0 0.31796875 0.40078125 0.0171875 0.0296875
0 0.328125 0.36015625 0.0375 0.0328125
0 0.515625 0.2359375 0.0171875 0.01875
0 0.325 0.39453125 0.03125 0.0453125
0 0.33203125 0.3609375 0.0453125 0.053125
0 0.63984375 0.990625 0.0171875 0.01875
0 0.31796875 0.98359375 0.0171875 0.0328125