0 0.2609375 0.046875 0.06875 0.08125
0 0.7703125 0.0546875 0.071875 0.10625
0 0.6015625 0.1 0.0390625 0.0421875
0 0.8296875 0.05 0.0375 0.05625
0 0.6609375 0.0625 0.034375 0.0453125
0 0.4984375 0.778125 0.08125 0.05625
0 0.3328125 0.8453125 0.05625 0.03125
0 0.4015625 0.6515625 0.06875 0.075
0 0.140625 0.9515625 0.065625 0.065625
0 0.1359375 0.7640625 0.090625 0.0875
0 0.1109375 0.684375 0.040625 0.0375
0 0.3046875 0.5203125 0.034375 0.03125
0 0.2078125 0.609375 0.08125 0.0375
0 0.43515625 0.8125 0.2671875 0.059375
0 0.9765625 0.8015625 0.046875 0.046875
0 0.7796875 0.6828125 0.03125 0.03125
0 0.8140625 0.3765625 0.0546875 0.0546875