0 0.096875 0.01796875 0.09375 0.0359375
0 0.3734375 0.1328125 0.05625 0.05625
0 0.53125 0.1578125 0.103125 0.103125
0 0.49375 0.1140625 0.084375 0.0375
0 0.4640625 0.04921875 0.046875 0.0984375
0 0.97734375 0.034375 0.0453125 0.06875
0 0.3828125 0.7421875 0.0875 0.0875
0 0.38125 0.9875 0.046875 0.025
0 0.3984375 0.846875 0.03125 0.053125
0 0.834375 0.725 0.028125 0.028125
0 0.89375 0.946875 0.0234375 0.025
0 0.3953125 0.5 0.028125 0.0328125
0 0.5390625 0.9 0.0296875 0.046875
0 0.840625 0.4859375 0.0234375 0.028125