0 0.4078125 0.2984375 0.06875 0.071875
0 0.178125 0.2890625 0.065625 0.05625
0 0.5765625 0.0890625 0.025 0.028125
0 0.0609375 0.3453125 0.021875 0.025
0 0.5359375 0.3390625 0.03125 0.03125
0 0.321875 0.2859375 0.03125 0.03125
0 0.2921875 0.3234375 0.025 0.025
0 0.528125 0.2484375 0.021875 0.01875
0 0.346875 0.328125 0.05 0.05
0 0.040625 0.2375 0.015625 0.015625
0 0.1578125 0.0578125 0.0125 0.0125
0 0.271875 0.871875 0.096875 0.18125
0 0.2546875 0.6078125 0.228125 0.228125
0 0.984375 0.6421875 0.03125 0.090625
0 0.62890625 0.6796875 0.0203125 0.015625
0 0.7984375 0.70625 0.053125 0.053125