0 0.353125 0.4453125 0.028125 0.03125
0 0.103125 0.184375 0.0328125 0.0375
0 0.4609375 0.384375 0.03125 0.028125
0 0.2875 0.234375 0.034375 0.034375
0 0.01875 0.284375 0.025 0.025
0 0.41875 0.1609375 0.025 0.025
0 0.28125 0.2734375 0.0890625 0.08125
0 0.4125 0.3046875 0.0390625 0.0390625
0 0.490625 0.33125 0.01875 0.025
0 0.0828125 0.28125 0.034375 0.034375
0 0.759375 0.471875 0.0625 0.0625
0 0.50625 0.3578125 0.0109375 0.03125
0 0.45625 0.6953125 0.0421875 0.0421875
0 0.03125 0.525 0.0453125 0.0125
0 0.25 0.66875 0.0421875 0.0390625
0 0.4734375 0.8015625 0.034375 0.034375
0 0.1765625 0.734375 0.0453125 0.0421875
0 0.621875 0.525 0.03125 0.0125