0 0.675 0.4 0.0671875 0.065625
0 0.665625 0.6296875 0.053125 0.0625
0 0.465625 0.23125 0.028125 0.0265625
0 0.2375 0.5109375 0.0296875 0.025
0 0.390625 0.13125 0.021875 0.025
0 0.8609375 0.1203125 0.05625 0.0484375
0 0.2640625 0.3203125 0.025 0.0265625
0 0.721875 0.746875 0.025 0.021875
0 0.715625 0.271875 0.0328125 0.028125
0 0.6625 0.4859375 0.025 0.0328125
0 0.346875 0.58125 0.0203125 0.0203125
0 0.7 0.515625 0.025 0.0265625
0 0.221875 0.7109375 0.021875 0.021875
0 0.625 0.2796875 0.0203125 0.0203125
0 0.296875 0.7375 0.0328125 0.0328125
0 0.7046875 0.4609375 0.046875 0.04375
0 0.6140625 0.7671875 0.015625 0.0171875
0 0.175 0.2 0.0203125 0.01875
0 0.303125 0.321875 0.05625 0.071875
0 0.31875 0.1890625 0.0265625 0.03125
0 0.3359375 0.103125 0.025 0.01875
0 0.334375 0.51875 0.03125 0.0265625
0 0.253125 0.8984375 0.04375 0.015625
0 0.434375 0.65 0.0140625 0.0140625