0 0.0984375 0.46875 0.025 0.028125
0 0.3265625 0.1890625 0.028125 0.028125
0 0.3 0.3796875 0.028125 0.025
0 0.2171875 0.11875 0.01875 0.01875
0 0.3890625 0.5 0.01875 0.01875
0 0.2609375 0.378125 0.065625 0.065625
0 0.2453125 0.503125 0.03125 0.0125
0 0.2296875 0.18125 0.028125 0.028125
0 0.1296875 0.05 0.0125 0.0125
0 0.9390625 0.3328125 0.04375 0.04375
0 0.9765625 0.0796875 0.046875 0.0625
0 0.709375 0.1359375 0.065625 0.065625
0 0.44609375 0.55859375 0.1671875 0.0984375
0 0.51953125 0.78125 0.0203125 0.046875
0 0.49453125 0.6453125 0.0703125 0.1375
0 0.50078125 0.6125 0.0578125 0.096875
0 0.6484375 0.7109375 0.09375 0.09375
0 0.6765625 0.81875 0.090625 0.09375