0 0.0328125 0.5171875 0.065625 0.075
0 0.06875 0.5390625 0.0625 0.0625
0 0.040625 0.0640625 0.059375 0.059375
0 0.2 0.0421875 0.0625 0.065625
0 0.02890625 0.1734375 0.0578125 0.1
0 0.271875 0.2015625 0.0125 0.053125
0 0.42109375 0.1546875 0.0359375 0.1
0 0.46875 0.51875 0.059375 0.065625
0 0.490625 0.61015625 0.103125 0.0984375
0 0.953125 0.2609375 0.053125 0.028125
0 0.64375 0.4109375 0.065625 0.06875
0 0.5921875 0.3640625 0.059375 0.053125
0 0.94375 0.3828125 0.1125 0.140625
0 0.5921875 0.5421875 0.0765625 0.0625
0 0.7953125 0.7484375 0.08125 0.08125
0 0.6546875 0.94375 0.025 0.04375
0 0.7328125 0.921875 0.05625 0.05625
0 0.6640625 0.7109375 0.028125 0.053125
0 0.90625 0.7734375 0.0484375 0.0390625