0 0.39296875 0.0421875 0.0328125 0.06875
0 0.3578125 0.31875 0.046875 0.04375
0 0.00859375 0.11875 0.0171875 0.034375
0 0.315625 0.525 0.040625 0.028125
0 0.3640625 0.4234375 0.0375 0.0375
0 0.3140625 0.01875 0.03125 0.0375
0 0.3765625 0.53125 0.046875 0.015625
0 0.3328125 0.096875 0.04375 0.059375
0 0.315625 0.471875 0.05 0.05
0 0.7296875 0.15 0.05625 0.053125
0 0.7828125 0.03359375 0.046875 0.0671875
0 0.5265625 0.1515625 0.028125 0.0375
0 0.7546875 0.978125 0.06875 0.04375
0 0.453125 0.7609375 0.0875 0.440625
0 0.4578125 0.865625 0.090625 0.196875