0 0.178125 0.171875 0.0671875 0.0640625
0 0.6765625 0.115625 0.046875 0.0359375
0 0.4546875 0.225 0.0421875 0.0453125
0 0.9484375 0.10625 0.071875 0.025
0 0.2546875 0.596875 0.0359375 0.0640625
0 0.66875 0.2671875 0.04375 0.0375
0 0.0984375 0.1953125 0.040625 0.0359375
0 0.559375 0.21875 0.0375 0.0390625
0 0.7484375 0.2078125 0.0375 0.03125
0 0.15 0.26875 0.046875 0.03125
0 0.0578125 0.846875 0.06875 0.0515625
0 0.6015625 0.8015625 0.0390625 0.0328125
0 0.4046875 0.884375 0.0359375 0.0421875
0 0.6828125 0.20625 0.05625 0.0328125
0 0.2328125 0.25 0.0609375 0.04375
0 0.6078125 0.2671875 0.053125 0.0484375
0 0.0140625 0.8578125 0.028125 0.0453125