0 0.340625 0.2546875 0.04375 0.04375
0 0.35 0.009375 0.028125 0.01875
0 0.1890625 0.2625 0.040625 0.04375
0 0.2375 0.371875 0.0375 0.0375
0 0.2484375 0.1828125 0.034375 0.0375
0 0.25 0.2484375 0.034375 0.05625
0 0.1890625 0.3234375 0.053125 0.053125
0 0.484375 0.4140625 0.05 0.03125
0 0.1640625 0.9171875 0.04375 0.04375
0 0.315625 0.7140625 0.040625 0.040625
0 0.03046875 0.540625 0.0609375 0.078125
0 0.24375 0.6078125 0.040625 0.040625
0 0.540625 0.621875 0.034375 0.05
0 0.9796875 0.8859375 0.040625 0.05