0 0.0109375 0.5171875 0.021875 0.021875
0 0.31484375 0.03046875 0.1921875 0.0609375
0 0.7015625 0.2140625 0.1 0.1046875
0 0.2296875 0.56640625 0.021875 0.0546875
0 0.259375 0.5890625 0.08125 0.059375
0 0.771875 0.3578125 0.06875 0.06875
0 0.19765625 0.6390625 0.0421875 0.040625
0 0.21015625 0.63359375 0.0171875 0.0296875
0 0.553125 0.734375 0.021875 0.025
0 0.7984375 0.8046875 0.021875 0.021875
0 0.7 0.9734375 0.075 0.04375
0 0.2265625 0.76328125 0.015625 0.0328125
0 0.659375 0.6765625 0.0296875 0.046875
0 0.809375 0.690625 0.01875 0.021875
0 0.803125 0.6359375 0.0265625 0.0140625
0 0.7484375 0.925 0.0421875 0.0640625
0 0.68125 0.9671875 0.0453125 0.034375