0 0.340625 0.7109375 0.18125 0.078125
0 0.1390625 0.70859375 0.1 0.0828125
0 0.00859375 0.1375 0.0171875 0.0375
0 0.971875 0.690625 0.05625 0.059375
0 0.8484375 0.1859375 0.05 0.034375
0 0.8640625 0.1125 0.034375 0.034375
0 0.98984375 0.1703125 0.0203125 0.05
0 0.98671875 0.32890625 0.0265625 0.0265625
0 0.4171875 0.96875 0.059375 0.059375
0 0.4765625 0.77578125 0.078125 0.0515625
0 0.3609375 0.99140625 0.06875 0.0171875
0 0.4859375 0.909375 0.0328125 0.0359375
0 0.3765625 0.77109375 0.059375 0.0421875
0 0.55546875 0.8109375 0.0515625 0.1