0 0.078125 0.0296875 0.05625 0.0578125
0 0.02890625 0.2359375 0.0578125 0.078125
0 0.134375 0.0078125 0.06875 0.015625
0 0.04375 0.3609375 0.075 0.075
0 0.0140625 0.0890625 0.028125 0.034375
0 0.1 0.3015625 0.046875 0.046875
0 0.11875 0.2359375 0.0625 0.0625
0 0.0671875 0.4828125 0.134375 0.165625
0 0.18671875 0.6140625 0.3734375 0.203125
0 0.20703125 0.90703125 0.4140625 0.1859375
0 0.02578125 0.9109375 0.0515625 0.125
0 0.6765625 0.6125 0.053125 0.05
0 0.6578125 0.778125 0.05625 0.05625
0 0.8828125 0.96953125 0.15625 0.0609375