0 0.09375 0.01953125 0.109375 0.0390625
0 0.040625 0.1125 0.05625 0.05625
0 0.0484375 0.1984375 0.071875 0.06875
0 0.0203125 0.34375 0.040625 0.059375
0 0.26015625 0.0171875 0.0609375 0.034375
0 0.6171875 0.2 0.053125 0.059375
0 0.60625 0.38671875 0.053125 0.0046875
0 0.9484375 0.1546875 0.053125 0.078125
0 0.2890625 0.471875 0.034375 0.04375
0 0.496875 0.484375 0.034375 0.0375
0 0.296875 0.721875 0.028125 0.028125
0 0.409375 0.39921875 0.05625 0.0203125
0 0.4390625 0.5484375 0.021875 0.021875
0 0.303125 0.8984375 0.04375 0.11875
0 0.4875 0.3953125 0.03125 0.0125
0 0.19453125 0.39921875 0.0890625 0.0203125
0 0.15625 0.515625 0.0265625 0.0265625
0 0.196875 0.596875 0.025 0.0296875
0 0.2234375 0.5734375 0.025 0.025
0 0.7078125 0.5953125 0.04375 0.040625
0 0.8828125 0.5859375 0.096875 0.26875