0 0.3828125 0.3359375 0.0625 0.0625
0 0.0828125 0.115625 0.1375 0.1375
0 0.6125 0.15625 0.0375 0.034375
0 0.5515625 0.0109375 0.0375 0.021875
0 0.3828125 0.5453125 0.134375 0.15625
0 0.425 0.39296875 0.0375 0.0265625
0 0.359375 0.5984375 0.05 0.046875
0 0.09453125 0.4984375 0.1890625 0.21875
0 0.196875 0.440625 0.13125 0.1203125
0 0.25 0.5875 0.05625 0.053125
0 0.13125 0.5578125 0.1671875 0.125
0 0.44453125 0.56796875 0.0109375 0.0265625
0 0.4328125 0.42421875 0.034375 0.0515625
0 0.840625 0.79375 0.04375 0.04375