0 0.2453125 0.0515625 0.04375 0.05
0 0.3390625 0.1328125 0.034375 0.04375
0 0.61875 0.425 0.04375 0.05
0 0.69609375 0.009375 0.0921875 0.01875
0 0.6578125 0.0859375 0.034375 0.0703125
0 0.9046875 0.371875 0.03125 0.0375
0 0.7515625 0.0984375 0.0703125 0.05
0 0.7359375 0.096875 0.0390625 0.0421875
0 0.790625 0.225 0.025 0.0609375
0 0.7234375 0.1984375 0.0671875 0.1046875
0 0.1546875 0.815625 0.06875 0.06875
0 0.478125 0.853125 0.04375 0.071875
0 0.265625 0.871875 0.13125 0.1796875
0 0.434375 0.95 0.065625 0.0625
0 0.5234375 0.68125 0.021875 0.021875
0 0.98828125 0.878125 0.0234375 0.028125
0 0.5296875 0.740625 0.03125 0.034375
0 0.640625 0.6765625 0.0171875 0.0171875