0 0.1046875 0.134375 0.209375 0.2328125
0 0.2125 0.125 0.0625 0.0546875
0 0.1796875 0.0234375 0.05625 0.046875
0 0.8625 0.071875 0.2015625 0.1421875
0 0.471875 0.01875 0.084375 0.0359375
0 0.4375 0.0875 0.0984375 0.0828125
0 0.409375 0.1625 0.0390625 0.046875
0 0.0859375 0.409375 0.046875 0.0515625
0 0.096875 0.80625 0.059375 0.059375
0 0.034375 0.9046875 0.053125 0.05625
0 0.0078125 0.44375 0.015625 0.0453125
0 0.0125 0.7109375 0.025 0.05
0 0.1484375 0.684375 0.0640625 0.0671875
0 0.715625 0.88125 0.1265625 0.1265625
0 0.590625 0.696875 0.0765625 0.1078125
0 0.728125 0.49375 0.046875 0.0515625
0 0.734375 0.6296875 0.0390625 0.0390625
0 0.6375 0.79375 0.05625 0.053125
0 0.575 0.3890625 0.053125 0.053125
0 0.7125 0.384375 0.046875 0.0515625
0 0.628125 0.3703125 0.053125 0.021875