0 0.0796875 0.040625 0.14375 0.0796875
0 0.30625 0.0078125 0.059375 0.015625
0 0.4296875 0.41875 0.0328125 0.0328125
0 0.2109375 0.025 0.0625 0.05
0 0.159375 0.421875 0.0515625 0.0359375
0 0.621875 0.190625 0.0234375 0.0265625
0 0.25 0.7421875 0.0328125 0.0328125
0 0.30625 0.5609375 0.0625 0.0625
0 0.328125 0.66875 0.0296875 0.0296875
0 0.3171875 0.465625 0.0328125 0.0328125
0 0.3296875 0.59375 0.0359375 0.0359375
0 0.4765625 0.55625 0.034375 0.0578125
0 0.0125 0.65234375 0.025 0.0234375
0 0.528125 0.8921875 0.0171875 0.053125