0 0.01640625 0.09375 0.0328125 0.059375
0 0.7546875 0.1734375 0.040625 0.040625
0 0.8828125 0.1296875 0.04375 0.08125
0 0.61328125 0.3046875 0.0484375 0.1125
0 0.525 0.746875 0.053125 0.053125
0 0.56484375 0.825 0.0484375 0.059375
0 0.296875 0.4546875 0.103125 0.103125
0 0.57109375 0.4234375 0.0359375 0.0625
0 0.2875 0.45625 0.04375 0.125
0 0.28125 0.5078125 0.0328125 0.034375
0 0.36875 0.609375 0.0609375 0.065625
0 0.2875 0.5890625 0.0453125 0.084375
0 0.35 0.596875 0.0375 0.0328125
0 0.1 0.9546875 0.0421875 0.0421875
0 0.053125 0.72890625 0.10625 0.2984375