0 0.03671875 0.071875 0.0734375 0.1
0 0.07265625 0.10625 0.1453125 0.18125
0 0.078125 0.096875 0.084375 0.084375
0 0.1234375 0.01875 0.140625 0.0375
0 0.6171875 0.278125 0.05 0.05
0 0.8828125 0.47265625 0.028125 0.0140625
0 0.9453125 0.075 0.053125 0.053125
0 0.89375 0.196875 0.03125 0.0265625
0 0.8875 0.409375 0.05 0.0671875
0 0.240625 0.9625 0.03125 0.03125
0 0.36875 0.99140625 0.028125 0.0171875
0 0.675 0.7171875 0.059375 0.059375
0 0.5578125 0.74375 0.09375 0.09375
0 0.7546875 0.615625 0.053125 0.053125
0 0.8140625 0.5828125 0.0625 0.0625
0 0.5359375 0.7671875 0.05 0.053125
0 0.9546875 0.5671875 0.06875 0.078125