0 0.290625 0.8453125 0.0515625 0.040625
0 0.8890625 0.7171875 0.059375 0.0453125
0 0.5328125 0.221875 0.0609375 0.0296875
0 0.4359375 0.8703125 0.0671875 0.0625
0 0.1015625 0.8140625 0.03125 0.028125
0 0.4546875 0.678125 0.0328125 0.03125
0 0.165625 0.65 0.0328125 0.0328125
0 0.20625 0.4015625 0.0640625 0.04375
0 0.3265625 0.665625 0.021875 0.0265625
0 0.128125 0.61875 0.034375 0.0296875
0 0.2171875 0.515625 0.0453125 0.0421875
0 0.7546875 0.8890625 0.028125 0.0328125
0 0.1625 0.6421875 0.0421875 0.053125
0 0.2921875 0.35 0.0453125 0.0375