0 0.384375 0.0484375 0.025 0.025
0 0.3140625 0.29375 0.021875 0.021875
0 0.1453125 0.1953125 0.0625 0.0625
0 0.4421875 0.1546875 0.040625 0.0375
0 0.428125 0.3046875 0.01875 0.01875
0 0.4828125 0.2984375 0.021875 0.021875
0 0.103125 0.1515625 0.03125 0.025
0 0.19375 0.24375 0.065625 0.04375
0 0.1515625 0.1765625 0.040625 0.040625
0 0.84375 0.3140625 0.059375 0.059375
0 0.859375 0.1796875 0.059375 0.06875
0 0.9625 0.334375 0.040625 0.040625
0 0.0828125 0.5765625 0.096875 0.096875
0 0.9328125 0.6078125 0.134375 0.165625
0 0.6890625 0.559375 0.075 0.075