0 0.2375 0.03125 0.059375 0.053125
0 0.2890625 0.240625 0.071875 0.071875
0 0.2328125 0.3515625 0.165625 0.165625
0 0.9359375 0.2765625 0.0875 0.096875
0 0.86875 0.1265625 0.025 0.025
0 0.9796875 0.203125 0.03125 0.03125
0 0.934375 0.3421875 0.03125 0.03125
0 0.71328125 0.4140625 0.0484375 0.078125
0 0.72109375 0.2984375 0.0640625 0.08125
0 0.8359375 0.3921875 0.046875 0.0375
0 0.74296875 0.44375 0.1078125 0.090625
0 0.99140625 0.2625 0.0171875 0.01875
0 0.909375 0.146875 0.0515625 0.0265625
0 0.95625 0.4078125 0.0421875 0.0390625
0 0.8703125 0.0875 0.03125 0.0359375
0 0.1375 0.5375 0.05625 0.053125
0 0.496875 0.715625 0.03125 0.025
0 0.7328125 0.95625 0.0875 0.0875
0 0.7578125 0.959375 0.046875 0.053125
0 0.725 0.67734375 0.071875 0.2078125
0 0.746875 0.85 0.053125 0.05625
0 0.734375 0.73046875 0.090625 0.1671875