0 0.315625 0.3953125 0.0625 0.05625
0 0.2640625 0.1859375 0.071875 0.071875
0 0.3203125 0.0796875 0.16875 0.159375
0 0.790625 0.2703125 0.05 0.05
0 0.71875 0.278125 0.0625 0.0625
0 0.534375 0.96796875 0.121875 0.0640625
0 0.425 0.871875 0.059375 0.053125
0 0.015625 0.91875 0.03125 0.04375
0 0.64453125 0.715625 0.0296875 0.103125
0 0.640625 0.46328125 0.0375 0.0671875
0 0.22734375 0.45078125 0.0921875 0.0421875
0 0.4875 0.66875 0.0109375 0.0578125
0 0.08515625 0.459375 0.0734375 0.059375
0 0.4625 0.771875 0.0609375 0.03125
0 0.309375 0.45078125 0.05625 0.0421875
0 0.1859375 0.6046875 0.196875 0.1484375
0 0.325 0.48046875 0.090625 0.1015625
0 0.11875 0.625 0.06875 0.065625
0 0.334375 0.615625 0.0734375 0.071875
0 0.2125 0.590625 0.128125 0.1
0 0.38125 0.590625 0.1734375 0.14375