0 0.3671875 0.428125 0.05625 0.05625
0 0.3703125 0.29375 0.040625 0.0375
0 0.371875 0.1296875 0.040625 0.059375
0 0.5953125 0.0515625 0.040625 0.040625
0 0.9875 0.06875 0.025 0.090625
0 0.7671875 0.271875 0.04375 0.046875
0 0.97734375 0.23125 0.0453125 0.11875
0 0.98203125 0.1953125 0.0359375 0.059375
0 0.3359375 0.55546875 0.05625 0.0515625
0 0.596875 0.934375 0.084375 0.10625
0 0.58046875 0.8953125 0.1171875 0.165625
0 0.6 0.64609375 0.078125 0.0796875
0 0.60703125 0.65625 0.0640625 0.10625
0 0.62578125 0.82109375 0.0265625 0.0921875
0 0.25 0.975 0.0390625 0.046875
0 0.734375 0.54375 0.103125 0.028125
0 0.9109375 0.5390625 0.06875 0.01875
0 0.81953125 0.93984375 0.3609375 0.0796875
0 0.890625 0.903125 0.21875 0.078125