0 0.30625 0.1546875 0.0890625 0.065625
0 0.1375 0.15625 0.0359375 0.0359375
0 0.04375 0.1390625 0.0875 0.05
0 0.0859375 0.875 0.0640625 0.05625
0 0.690625 0.1328125 0.04375 0.0328125
0 0.34375 0.1625 0.165625 0.08125
0 0.1046875 0.1859375 0.0484375 0.0328125
0 0.590625 0.190625 0.090625 0.0390625
0 0.91875 0.1984375 0.1484375 0.040625
0 0.0203125 0.18125 0.0390625 0.034375
0 0.1421875 0.7546875 0.0453125 0.0421875
0 0.01875 0.115625 0.0359375 0.0421875
0 0.5828125 0.1734375 0.0984375 0.0734375
0 0.4203125 0.1375 0.0890625 0.0359375
0 0.7890625 0.1421875 0.0375 0.0328125