0 0.0046875 0.2671875 0.009375 0.03125
0 0.3171875 0.3078125 0.084375 0.08125
0 0.1765625 0.490625 0.028125 0.028125
0 0.409375 0.334375 0.11875 0.146875
0 0.3171875 0.3796875 0.096875 0.08125
0 0.6296875 0.1640625 0.040625 0.078125
0 0.8140625 0.43125 0.034375 0.040625
0 0.7171875 0.31875 0.046875 0.046875
0 0.7453125 0.271875 0.1 0.134375
0 0.9453125 0.43125 0.053125 0.053125
0 0.625 0.4875 0.046875 0.059375
0 0.915625 0.0953125 0.03125 0.0375
0 0.6671875 0.4984375 0.1265625 0.04375
0 0.646875 0.31875 0.1046875 0.103125
0 0.89375 0.39375 0.065625 0.0796875