0 0.328125 0.46640625 0.08125 0.0671875
0 0.36484375 0.3765625 0.0078125 0.034375
0 0.33125 0.4359375 0.05 0.05
0 0.190625 0.3796875 0.071875 0.075
0 0.646875 0.1359375 0.04375 0.090625
0 0.91171875 0.06953125 0.1765625 0.1390625
0 0.775 0.1140625 0.065625 0.0625
0 0.9453125 0.1125 0.109375 0.225
0 0.5984375 0.1375 0.065625 0.090625
0 0.45625 0.2109375 0.16875 0.040625
0 0.503125 0.2109375 0.103125 0.0375
0 0.0109375 0.97578125 0.021875 0.0484375
0 0.23125 0.9703125 0.078125 0.059375
0 0.178125 0.8359375 0.028125 0.028125
0 0.0546875 0.7546875 0.03125 0.03125
0 0.9046875 0.6890625 0.11875 0.03125
0 0.6 0.6265625 0.053125 0.053125
0 0.7640625 0.68125 0.03125 0.03125
0 0.45625 0.69375 0.04375 0.021875
0 0.6953125 0.5734375 0.040625 0.04375