0 0.078125 0.3265625 0.05625 0.05625
0 0.0859375 0.4296875 0.034375 0.034375
0 0.4765625 0.04375 0.040625 0.040625
0 0.9375 0.15625 0.125 0.25625
0 0.884375 0.2734375 0.0453125 0.096875
0 0.903125 0.2390625 0.0828125 0.259375
0 0.4171875 0.5828125 0.1 0.028125
0 0.5171875 0.7453125 0.06875 0.071875
0 0.3515625 0.928125 0.03125 0.04375
0 0.365625 0.7921875 0.034375 0.034375
0 0.4828125 0.6421875 0.04375 0.04375
0 0.78203125 0.7 0.1859375 0.25
0 0.74609375 0.97421875 0.1140625 0.0515625
0 0.98046875 0.97890625 0.0390625 0.0421875