0 0.259375 0.271875 0.0609375 0.0609375
0 0.44375 0.05 0.046875 0.046875
0 0.04375 0.259375 0.0546875 0.0546875
0 0.534375 0.04375 0.0109375 0.0375
0 0.421875 0.428125 0.0578125 0.0609375
0 0.9453125 0.271875 0.0375 0.0375
0 0.171875 0.5125 0.1046875 0.046875
0 0.378125 0.709375 0.046875 0.046875
0 0.325 0.7609375 0.040625 0.046875
0 0.33125 0.984375 0.0609375 0.03125
0 0.21875 0.9078125 0.0640625 0.0640625
0 0.259375 0.95 0.059375 0.059375
0 0.453125 0.865625 0.028125 0.028125
0 0.1765625 0.903125 0.0421875 0.0609375
0 0.203125 0.9859375 0.0640625 0.028125
0 0.071875 0.853125 0.05 0.053125
0 0.278125 0.696875 0.0390625 0.0421875
0 0.59375 0.75625 0.040625 0.034375
0 0.89375 0.9375 0.0375 0.040625
0 0.63125 0.509375 0.0359375 0.0390625
0 0.65 0.75 0.0703125 0.0453125
0 0.88125 0.94375 0.05 0.0328125
0 0.99296875 0.5421875 0.0140625 0.0375