0 0.6125 0.1609375 0.034375 0.08125
0 0.3203125 0.0484375 0.040625 0.040625
0 0.9921875 0.09453125 0.015625 0.0421875
0 0.478125 0.5984375 0.0625 0.065625
0 0.540625 0.571875 0.15625 0.165625
0 0.48125 0.5265625 0.034375 0.09375
0 0.0171875 0.6484375 0.034375 0.08125
0 0.3484375 0.55625 0.071875 0.071875
0 0.3625 0.8109375 0.046875 0.05
0 0.3078125 0.9265625 0.040625 0.040625
0 0.121875 0.9671875 0.0453125 0.046875
0 0.03515625 0.92578125 0.0703125 0.1078125
0 0.7796875 0.30078125 0.059375 0.0234375
0 0.8109375 0.334375 0.096875 0.090625
0 0.96640625 0.96953125 0.0671875 0.0609375