0 0.11875 0.0875 0.0375 0.046875
0 0.3265625 0.1 0.034375 0.034375
0 0.5421875 0.090625 0.0375 0.034375
0 0.1265625 0.3375 0.025 0.025
0 0.2390625 0.01328125 0.059375 0.0265625
0 0.26875 0.1640625 0.021875 0.025
0 0.3171875 0.00703125 0.0375 0.0140625
0 0.02890625 0.01953125 0.0578125 0.0390625
0 0.0265625 0.2125 0.03125 0.028125
0 0.053125 0.1890625 0.028125 0.028125
0 0.63125 0.1046875 0.04375 0.04375
0 0.671875 0.3078125 0.046875 0.040625
0 0.3265625 0.4640625 0.078125 0.078125
0 0.2359375 0.5671875 0.034375 0.03125
0 0.540625 0.37578125 0.06875 0.0328125
0 0.1921875 0.9015625 0.090625 0.0875
0 0.0625 0.8765625 0.090625 0.13125