0 0.203125 0.3125 0.06875 0.06875
0 0.79375 0.2015625 0.0828125 0.0765625
0 0.48125 0.028125 0.0234375 0.05625
0 0.0453125 0.596875 0.0578125 0.059375
0 0.11875 0.60625 0.0640625 0.0640625
0 0.259375 0.8 0.0734375 0.0734375
0 0.2921875 0.65625 0.0953125 0.0953125
0 0.33125 0.821875 0.0859375 0.0859375
0 0.2875 0.715625 0.090625 0.090625
0 0.08125 0.76875 0.0390625 0.0390625
0 0.325 0.91875 0.1140625 0.115625
0 0.3234375 0.628125 0.078125 0.078125
0 0.371875 0.734375 0.1171875 0.1171875
0 0.375 0.5234375 0.0734375 0.0734375
0 0.115625 0.528125 0.0515625 0.0515625
0 0.78125 0.86875 0.3625 0.2609375
0 0.5484375 0.590625 0.159375 0.3640625