0 0.2046875 0.403125 0.125 0.125
0 0.271875 0.353125 0.05625 0.065625
0 0.6578125 0.296875 0.06875 0.06875
0 0.396875 0.0140625 0.05625 0.028125
0 0.0984375 0.8125 0.01875 0.021875
0 0.2859375 0.7953125 0.0265625 0.0265625
0 0.3796875 0.66484375 0.11875 0.0703125
0 0.765625 0.703125 0.05 0.053125
0 0.35859375 0.846875 0.1171875 0.134375
0 0.859375 0.715625 0.0703125 0.05
0 0.84375 0.7140625 0.0390625 0.0421875
0 0.8984375 0.8421875 0.025 0.0609375
0 0.3375 0.9125 0.0734375 0.1171875
0 0.83125 0.815625 0.0671875 0.1046875
0 0.3734375 0.76015625 0.090625 0.2609375