0 0.36875 0.02421875 0.103125 0.0484375
0 0.43515625 0.2296875 0.0078125 0.03125
0 0.028125 0.4671875 0.0125 0.04375
0 0.303125 0.2796875 0.028125 0.025
0 0.5046875 0.2953125 0.121875 0.11875
0 0.8984375 0.05625 0.090625 0.103125
0 0.628125 0.2046875 0.03125 0.03125
0 0.7484375 0.1515625 0.065625 0.065625
0 0.746875 0.096875 0.1625 0.1625
0 0.75 0.34375 0.06875 0.071875
0 0.709375 0.3328125 0.134375 0.103125
0 0.8109375 0.1859375 0.146875 0.146875
0 0.221875 0.621875 0.05 0.06875
0 0.7578125 0.5578125 0.034375 0.015625