0 0.27265625 0.18984375 0.3734375 0.0796875
0 0.940625 0.2125 0.0375 0.034375
0 0.3265625 0.5 0.065625 0.065625
0 0.0890625 0.66875 0.0375 0.0375
0 0.14375 0.98828125 0.075 0.0234375
0 0.5328125 0.265625 0.0375 0.0375
0 0.51171875 0.5875 0.1046875 0.121875
0 0.7109375 0.49375 0.034375 0.034375
0 0.52578125 0.621875 0.1328125 0.05
0 0.571875 0.5984375 0.096875 0.096875
0 0.8234375 0.821875 0.0828125 0.0859375
0 0.9390625 0.69375 0.0515625 0.04375
0 0.97578125 0.7703125 0.0484375 0.125
0 0.8171875 0.68125 0.05 0.046875