0 0.1234375 0.34375 0.128125 0.0734375
0 0.471875 0.203125 0.05 0.05
0 0.34375 0.253125 0.046875 0.046875
0 0.925 0.309375 0.1125 0.1125
0 0.71875 0.1890625 0.0421875 0.0421875
0 0.665625 0.1640625 0.0546875 0.0546875
0 0.215625 0.621875 0.0625 0.0625
0 0.35625 0.390625 0.0625 0.0203125
0 0.30625 0.81875 0.065625 0.0546875
0 0.025 0.5265625 0.05 0.075
0 0.98125 0.471875 0.0359375 0.0671875
0 0.83125 0.865625 0.1359375 0.1359375
0 0.81875 0.8359375 0.08125 0.08125
0 0.565625 0.66875 0.0921875 0.1015625