0 0.271875 0.396875 0.065625 0.065625
0 0.3859375 0.0390625 0.040625 0.040625
0 0.1328125 0.4390625 0.05 0.053125
0 0.3296875 0.334375 0.04375 0.04375
0 0.2109375 0.7109375 0.0375 0.015625
0 0.1421875 0.2609375 0.2 0.059375
0 0.3265625 0.3 0.078125 0.075
0 0.0734375 0.278125 0.053125 0.053125
0 0.2640625 0.1765625 0.05625 0.05
0 0.1734375 0.259375 0.125 0.040625
0 0.0125 0.45625 0.025 0.05
0 0.1640625 0.55625 0.046875 0.046875
0 0.1015625 0.703125 0.04375 0.03125
0 0.3171875 0.1734375 0.1625 0.071875
0 0.51875 0.01875 0.05 0.0375
0 0.803125 0.1359375 0.028125 0.028125
0 0.8765625 0.0140625 0.053125 0.028125
0 0.6328125 0.4234375 0.109375 0.10625
0 0.8921875 0.70234375 0.128125 0.0328125
0 0.47109375 0.584375 0.0640625 0.1875
0 0.859375 0.5078125 0.084375 0.071875
0 0.6234375 0.775 0.05625 0.040625
0 0.471875 0.825 0.04375 0.04375