0 0.10625 0.375 0.053125 0.05
0 0.284375 0.3734375 0.134375 0.1125
0 0.2671875 0.315625 0.05 0.05625
0 0.2859375 0.40234375 0.084375 0.0546875
0 0.0890625 0.2375 0.053125 0.053125
0 0.00859375 0.40625 0.0171875 0.040625
0 0.940625 0.021875 0.0375 0.034375
0 0.303125 0.6390625 0.05 0.05
0 0.57421875 0.4828125 0.0296875 0.071875
0 0.0171875 0.9328125 0.034375 0.053125
0 0.6453125 0.709375 0.05 0.05
0 0.7453125 0.7296875 0.05625 0.05625
0 0.59765625 0.90625 0.0171875 0.06875
0 0.6 0.803125 0.021875 0.046875
0 0.940625 0.9796875 0.06875 0.040625