0 0.4890625 0.7734375 0.078125 0.0515625
0 0.846875 0.8875 0.0453125 0.0375
0 0.446875 0.634375 0.0390625 0.0625
0 0.9609375 0.796875 0.078125 0.09375
0 0.5515625 0.83125 0.0375 0.0421875
0 0.11875 0.1328125 0.2328125 0.0765625
0 0.1640625 0.7125 0.0359375 0.0359375
0 0.625 0.64375 0.053125 0.1984375
0 0.5859375 0.828125 0.1015625 0.0453125
0 0.0265625 0.5140625 0.0515625 0.0703125
0 0.6078125 0.575 0.0453125 0.053125
0 0.709375 0.765625 0.05 0.05625
0 0.6265625 0.675 0.0421875 0.1234375
0 0.4296875 0.496875 0.0453125 0.05625
0 0.3296875 0.665625 0.0546875 0.0390625
0 0.10625 0.5609375 0.0703125 0.09375
0 0.1765625 0.603125 0.0421875 0.040625
0 0.7125 0.81875 0.0703125 0.1609375