0 0.4109375 0.0328125 0.0375 0.040625
0 0.9375 0.2328125 0.10625 0.1015625
0 0.659375 0.1953125 0.0515625 0.025
0 0.70625 0.2890625 0.0484375 0.053125
0 0.7171875 0.2453125 0.040625 0.040625
0 0.05078125 0.5671875 0.1015625 0.05625
0 0.353125 0.784375 0.0359375 0.0875
0 0.08671875 0.66171875 0.1734375 0.2453125
0 0.225 0.7625 0.0625 0.059375
0 0.0484375 0.74765625 0.096875 0.2546875
0 0.4015625 0.7859375 0.059375 0.0859375
0 0.4703125 0.690625 0.040625 0.153125
0 0.4875 0.9625 0.065625 0.065625
0 0.99140625 0.85 0.0171875 0.075
0 0.7671875 0.746875 0.0703125 0.0703125
0 0.9609375 0.55390625 0.046875 0.0296875