0 0.028125 0.0125 0.025 0.021875
0 0.78125 0.353125 0.053125 0.03125
0 0.590625 0.2546875 0.071875 0.046875
0 0.821875 0.4171875 0.0625 0.046875
0 0.8953125 0.340625 0.03125 0.03125
0 0.9640625 0.28125 0.021875 0.021875
0 0.925 0.415625 0.0515625 0.046875
0 0.89375 0.1234375 0.1625 0.0625
0 0.4640625 0.2546875 0.08125 0.0375
0 0.453125 0.16875 0.0546875 0.034375
0 0.7375 0.2734375 0.028125 0.025
0 0.5109375 0.321875 0.0421875 0.028125
0 0.571875 0.353125 0.0421875 0.053125
0 0.1390625 0.709375 0.1125 0.11875
0 0.7390625 0.8453125 0.06875 0.065625
0 0.815625 0.62734375 0.096875 0.0359375
0 0.78125 0.62734375 0.259375 0.0359375