0 0.490625 0.4390625 0.15625 0.21875
0 0.52734375 0.4671875 0.0828125 0.115625
0 0.384375 0.3390625 0.103125 0.103125
0 0.53359375 0.4828125 0.0703125 0.153125
0 0.4875 0.3953125 0.159375 0.159375
0 0.08125 0.4515625 0.096875 0.096875
0 0.3484375 0.2828125 0.065625 0.065625
0 0.021875 0.1890625 0.04375 0.1125
0 0.053125 0.2453125 0.096875 0.096875
0 0.1015625 0.2984375 0.046875 0.034375
0 0.9734375 0.6 0.03125 0.034375
0 0.98046875 0.840625 0.0390625 0.06875
0 0.97890625 0.94375 0.0421875 0.04375
0 0.6265625 0.753125 0.075 0.075