0 0.034375 0.315625 0.0671875 0.1234375
0 0.275 0.3125 0.2171875 0.21875
0 0.2515625 0.284375 0.1140625 0.1140625
0 0.078125 0.378125 0.065625 0.065625
0 0.4125 0.4125 0.15 0.0515625
0 0.2234375 0.26875 0.1453125 0.1453125
0 0.309375 0.35625 0.1515625 0.1484375
0 0.715625 0.3 0.0921875 0.0921875
0 0.99296875 0.021875 0.0140625 0.04375
0 0.4484375 0.46875 0.06875 0.0609375
0 0.3484375 0.9375 0.0484375 0.0484375
0 0.846875 0.9890625 0.0734375 0.021875
0 0.98359375 0.48359375 0.0328125 0.0578125
0 0.809375 0.5625 0.10625 0.10625
0 0.74375 0.50625 0.0921875 0.0921875
0 0.6953125 0.453125 0.04375 0.0296875