0 0.075 0.2546875 0.040625 0.0375
0 0.3734375 0.2578125 0.046875 0.034375
0 0.1015625 0.2546875 0.096875 0.0375
0 0.4390625 0.265625 0.021875 0.021875
0 0.5640625 0.35625 0.090625 0.109375
0 0.8078125 0.059375 0.078125 0.078125
0 0.65625 0.2453125 0.0921875 0.0921875
0 0.753125 0.1390625 0.0515625 0.0515625
0 0.2625 0.7890625 0.0515625 0.0390625
0 0.3296875 0.7546875 0.0359375 0.0625
0 0.959375 0.9578125 0.03125 0.00625
0 0.8171875 0.625 0.06875 0.06875
0 0.6859375 0.621875 0.1796875 0.1203125
0 0.82578125 0.58046875 0.1296875 0.0421875
0 0.909375 0.6625 0.0671875 0.078125