0 0.3875 0.2 0.0828125 0.1484375
0 0.496875 0.325 0.0546875 0.0484375
0 0.9125 0.278125 0.0421875 0.0421875
0 0.4015625 0.93125 0.05625 0.0578125
0 0.240625 0.48125 0.09375 0.1109375
0 0.265625 0.734375 0.0671875 0.0625
0 0.228125 0.875 0.0734375 0.08125
0 0.1953125 0.709375 0.06875 0.075
0 0.2375 0.81875 0.075 0.075
0 0.2046875 0.6125 0.103125 0.103125
0 0.196875 0.903125 0.0625 0.06875
0 0.1515625 0.79375 0.09375 0.1046875
0 0.13984375 0.98671875 0.0640625 0.0265625
0 0.39921875 0.99296875 0.0515625 0.0140625
0 0.69375 0.775 0.0921875 0.1
0 0.434375 0.528125 0.0109375 0.0578125
0 0.8359375 0.740625 0.0734375 0.065625
0 0.459375 0.425 0.0609375 0.03125
0 0.6125 0.7515625 0.05625 0.053125
0 0.7359375 0.5921875 0.196875 0.1484375
0 0.596875 0.7203125 0.090625 0.1109375
0 0.803125 0.571875 0.06875 0.065625
0 0.5875 0.58125 0.0734375 0.071875
0 0.709375 0.60625 0.128125 0.1
0 0.9625 0.684375 0.071875 0.0671875
0 0.86875 0.85625 0.0609375 0.0671875
0 0.98671875 0.95546875 0.0265625 0.0578125
0 0.540625 0.60625 0.1734375 0.14375