0 0.796875 0.3796875 0.05625 0.078125
0 0.9109375 0.021875 0.0375 0.04375
0 0.6578125 0.415625 0.0625 0.028125
0 0.8546875 0.3171875 0.0421875 0.0375
0 0.6671875 0.24375 0.1984375 0.053125
0 0.8515625 0.2828125 0.0453125 0.1015625
0 0.5984375 0.2609375 0.053125 0.0453125
0 0.7890625 0.159375 0.05625 0.05
0 0.6984375 0.2421875 0.1234375 0.0421875
0 0.5203125 0.42265625 0.05625 0.0140625
0 0.8421875 0.15625 0.1609375 0.0703125
0 0.425 0.903125 0.071875 0.021875
0 0.44921875 0.98125 0.0796875 0.0375