0 0.02109375 0.1359375 0.0421875 0.046875
0 0.05625 0.409375 0.046875 0.04375
0 0.01875 0.05625 0.021875 0.04375
0 0.084375 0.103125 0.04375 0.040625
0 0.071875 0.1875 0.05625 0.05625
0 0.7125 0.3140625 0.375 0.115625
0 0.9796875 0.29375 0.040625 0.15
0 0.365625 0.275 0.071875 0.065625
0 0.7796875 0.2296875 0.0625 0.05
0 0.4109375 0.3765625 0.06875 0.06875
0 0.2328125 0.5078125 0.084375 0.0375
0 0.2046875 0.8609375 0.040625 0.0375
0 0.1328125 0.98984375 0.053125 0.0203125
0 0.1359375 0.771875 0.053125 0.1
0 0.6171875 0.6359375 0.040625 0.040625
0 0.7515625 0.596875 0.028125 0.028125
0 0.5828125 0.859375 0.025 0.028125