0 0.103125 0.28125 0.0859375 0.0859375
0 0.353125 0.2328125 0.0578125 0.0578125
0 0.08125 0.109375 0.0421875 0.0421875
0 0.6109375 0.3 0.05 0.05
0 0.8453125 0.1 0.0546875 0.034375
0 0.5328125 0.25625 0.053125 0.0625
0 0.903125 0.528125 0.140625 0.059375
0 0.934375 0.24375 0.0625 0.0546875
0 0.9015625 0.5375 0.125 0.04375
0 0.85 0.54375 0.034375 0.0328125
0 0.7484375 0.45625 0.065625 0.0609375
0 0.76875 0.5375 0.084375 0.0453125
0 0.7609375 0.475 0.0328125 0.0375
0 0.403125 0.725 0.0421875 0.0421875
0 0.875 0.990625 0.0640625 0.0171875
0 0.74375 0.959375 0.075 0.075
0 0.628125 0.771875 0.2984375 0.1078125