0 0.5546875 0.046875 0.028125 0.06875
0 0.5265625 0.34375 0.040625 0.0375
0 0.178125 0.01875 0.028125 0.028125
0 0.1453125 0.0640625 0.034375 0.03125
0 0.1234375 0.00703125 0.034375 0.0140625
0 0.946875 0.04296875 0.10625 0.0859375
0 0.0375 0.97265625 0.075 0.0546875
0 0.253125 0.559375 0.05 0.05
0 0.440625 0.7671875 0.059375 0.059375
0 0.6984375 0.56171875 0.234375 0.1640625
0 0.690625 0.6359375 0.059375 0.0625
0 0.59140625 0.6015625 0.0453125 0.053125
0 0.59140625 0.89375 0.0453125 0.0625
0 0.653125 0.8609375 0.09375 0.09375
0 0.728125 0.8328125 0.04375 0.04375
0 0.975 0.509375 0.05 0.046875
0 0.9546875 0.9859375 0.053125 0.028125