0 0.1484375 0.1625 0.053125 0.05
0 0.23125 0.521875 0.040625 0.040625
0 0.240625 0.5390625 0.071875 0.071875
0 0.265625 0.190625 0.078125 0.08125
0 0.56328125 0.790625 0.0109375 0.03125
0 0.1328125 0.778125 0.025 0.025
0 0.371875 0.6390625 0.04375 0.059375
0 0.075 0.671875 0.046875 0.0296875
0 0.4140625 0.675 0.028125 0.025
0 0.365625 0.65 0.034375 0.0453125
0 0.634375 0.8375 0.040625 0.0375
0 0.8421875 0.85 0.034375 0.03125
0 0.7546875 0.7484375 0.0546875 0.0515625
0 0.784375 0.9140625 0.021875 0.025
0 0.8328125 0.7515625 0.0375 0.0234375
0 0.575 0.9390625 0.0125 0.025