0 0.084375 0.04375 0.06875 0.06875
0 0.09375 0.2640625 0.0921875 0.1109375
0 0.071875 0.296875 0.06875 0.06875
0 0.603125 0.25 0.065625 0.0640625
0 0.121875 0.9390625 0.0375 0.0359375
0 0.7515625 0.86875 0.134375 0.134375
0 0.621875 0.878125 0.2453125 0.2421875
0 0.64375 0.5890625 0.246875 0.246875
0 0.921875 0.509375 0.1546875 0.11875
0 0.646875 0.746875 0.078125 0.0875
0 0.8328125 0.671875 0.1859375 0.2078125
0 0.5265625 0.471875 0.096875 0.0453125
0 0.5609375 0.490625 0.259375 0.0828125
0 0.97734375 0.55546875 0.0453125 0.0734375
0 0.490625 0.778125 0.3453125 0.3546875