0 0.45625 0.4484375 0.0375 0.0375
0 0.38515625 0.03671875 0.2296875 0.0734375
0 0.0125 0.04375 0.025 0.071875
0 0.025 0.06953125 0.05 0.1390625
0 0.2953125 0.12734375 0.3625 0.2546875
0 0.53984375 0.2421875 0.0796875 0.0875
0 0.50390625 0.1421875 0.0078125 0.0375
0 0.5359375 0.2015625 0.05 0.05
0 0.6765625 0.1453125 0.071875 0.071875
0 0.9734375 0.3953125 0.053125 0.16875
0 0.35 0.4921875 0.028125 0.025
0 0.4703125 0.9296875 0.05 0.046875
0 0.1109375 0.48359375 0.034375 0.0078125
0 0.0953125 0.809375 0.053125 0.05625
0 0.36875 0.559375 0.01875 0.021875
0 0.01484375 0.85625 0.0296875 0.03125
0 0.1125 0.575 0.0296875 0.03125
0 0.8171875 0.7375 0.065625 0.109375
0 0.8421875 0.778125 0.1375 0.1375
0 0.8671875 0.7734375 0.06875 0.06875
0 0.934375 0.6515625 0.09375 0.153125