0 0.265625 0.2828125 0.059375 0.059375
0 0.45 0.55 0.0375 0.0375
0 0.353125 0.4375 0.05 0.053125
0 0.38125 0.390625 0.096875 0.13125
0 0.58125 0.55 0.0625 0.053125
0 0.2609375 0.60625 0.05 0.05
0 0.5515625 0.2140625 0.0375 0.0375
0 0.303125 0.6171875 0.0875 0.0875
0 0.4375 0.0671875 0.04375 0.04375
0 0.2828125 0.4375 0.10625 0.103125
0 0.5296875 0.5125 0.078125 0.078125
0 0.3703125 0.046875 0.06875 0.09375
0 0.6921875 0.0609375 0.053125 0.05
0 0.315625 0.8140625 0.078125 0.078125
0 0.63828125 0.7625 0.0171875 0.071875
0 0.990625 0.97578125 0.01875 0.0484375