0 0.0265625 0.0171875 0.053125 0.034375
0 0.9140625 0.0140625 0.04375 0.028125
0 0.4171875 0.225 0.1 0.09375
0 0.4515625 0.0828125 0.075 0.075
0 0.440625 0.30625 0.053125 0.05625
0 0.6 0.1828125 0.146875 0.196875
0 0.47109375 0.31796875 0.1109375 0.0828125
0 0.6203125 0.115625 0.065625 0.06875
0 0.6109375 0.3265625 0.071875 0.065625
0 0.5859375 0.209375 0.1 0.128125
0 0.34921875 0.04921875 0.0390625 0.0609375
0 0.5859375 0.325 0.14375 0.06875
0 0.1359375 0.4328125 0.05625 0.0375
0 0.10625 0.825 0.03125 0.03125
0 0.9890625 0.5734375 0.021875 0.028125
0 0.50625 0.9125 0.084375 0.084375