0 0.57265625 0.175 0.0328125 0.059375
0 0.7015625 0.3984375 0.034375 0.040625
0 0.8796875 0.41328125 0.025 0.0109375
0 0.621875 0.0125 0.053125 0.025
0 0.18125 0.5203125 0.071875 0.071875
0 0.47421875 0.44296875 0.0640625 0.0484375
0 0.525 0.609375 0.0953125 0.0953125
0 0.5640625 0.6046875 0.05 0.090625
0 0.496875 0.640625 0.078125 0.078125
0 0.56640625 0.68828125 0.0453125 0.1171875
0 0.3921875 0.6921875 0.0734375 0.0734375
0 0.39609375 0.43828125 0.0515625 0.0390625
0 0.4328125 0.865625 0.3125 0.159375