0 0.4078125 0.8734375 0.0421875 0.034375
0 0.3203125 0.31875 0.0375 0.03125
0 0.253125 0.5765625 0.0484375 0.078125
0 0.896875 0.446875 0.028125 0.034375
0 0.60625 0.6765625 0.0296875 0.0375
0 0.253125 0.803125 0.0359375 0.0328125
0 0.603125 0.75625 0.034375 0.0375
0 0.3453125 0.1484375 0.0328125 0.0421875
0 0.8140625 0.39375 0.0296875 0.0359375
0 0.2453125 0.5484375 0.0421875 0.0296875
0 0.3625 0.61875 0.0375 0.0328125
0 0.6046875 0.6203125 0.0390625 0.0671875
0 0.81875 0.40625 0.028125 0.0484375
0 0.434375 0.884375 0.090625 0.04375
0 0.4296875 0.246875 0.034375 0.0375