0 0.5609375 0.1390625 0.10625 0.10625
0 0.5578125 0.16875 0.05625 0.05625
0 0.4765625 0.0578125 0.05 0.05
0 0.5578125 0.49453125 0.04375 0.0296875
0 0.9703125 0.3 0.059375 0.059375
0 0.71875 0.315625 0.01875 0.05
0 0.265625 0.6578125 0.03125 0.034375
0 0.55625 0.7546875 0.046875 0.046875
0 0.521875 0.971875 0.040625 0.040625
0 0.625 0.865625 0.05 0.0625
0 0.296875 0.76875 0.025 0.025
0 0.6265625 0.94375 0.028125 0.0375
0 0.471875 0.9 0.0484375 0.05
0 0.09375 0.809375 0.03125 0.03125
0 0.115625 0.73125 0.034375 0.028125
0 0.025 0.828125 0.0234375 0.01875
0 0.7859375 0.925 0.078125 0.065625
0 0.7859375 0.534375 0.040625 0.040625