0 0.05 0.128125 0.034375 0.034375
0 0.0078125 0.1671875 0.015625 0.05625
0 0.190625 0.428125 0.03125 0.03125
0 0.1984375 0.2171875 0.025 0.025
0 0.0375 0.43828125 0.059375 0.0234375
0 0.4515625 0.8921875 0.05 0.046875
0 0.1671875 0.7734375 0.03125 0.03125
0 0.54375 0.8109375 0.03125 0.04375
0 0.97578125 0.9140625 0.0484375 0.05625
0 0.8828125 0.98828125 0.028125 0.0234375
0 0.8078125 0.821875 0.046875 0.046875
0 0.809375 0.99296875 0.03125 0.0140625
0 0.5921875 0.47890625 0.053125 0.0578125
0 0.575 0.46953125 0.01875 0.0390625