0 0.8171875 0.425 0.04375 0.075
0 0.946875 0.0875 0.028125 0.0375
0 0.959375 0.5046875 0.028125 0.028125
0 0.8375 0.0640625 0.0390625 0.0265625
0 0.43515625 0.78203125 0.0078125 0.0328125
0 0.3921875 0.9640625 0.0625 0.0625
0 0.3703125 0.85625 0.0296875 0.0296875
0 0.36875 0.93125 0.0359375 0.0359375
0 0.221875 0.96875 0.034375 0.0578125
0 0.1703125 0.6328125 0.0171875 0.053125
0 0.51875 0.890625 0.05 0.03125
0 0.8625 0.9484375 0.009375 0.04375
0 0.603125 0.878125 0.028125 0.00625
0 0.628125 0.58828125 0.11875 0.0765625