0 0.246875 0.421875 0.1109375 0.1140625
0 0.075 0.2046875 0.06875 0.06875
0 0.409375 0.4703125 0.06875 0.01875
0 0.034375 0.215625 0.06875 0.0765625
0 0.4296875 0.190625 0.040625 0.1609375
0 0.0375 0.1140625 0.075 0.15625
0 0.134375 0.128125 0.1046875 0.1078125
0 0.8578125 0.334375 0.0453125 0.046875
0 0.921875 0.315625 0.0671875 0.0734375
0 0.828125 0.0140625 0.0484375 0.028125
0 0.75 0.2 0.0359375 0.0359375
0 0.96796875 0.0359375 0.0640625 0.071875
0 0.075 0.690625 0.0328125 0.0328125
0 0.278125 0.565625 0.0625 0.0609375
0 0.775 0.834375 0.053125 0.0546875
0 0.853125 0.64375 0.096875 0.1234375
0 0.559375 0.73984375 0.21875 0.5203125
0 0.859375 0.784375 0.06875 0.06875
0 0.84375 0.84375 0.0640625 0.0640625
0 0.8109375 0.7125 0.04375 0.04375
0 0.940625 0.596875 0.0390625 0.053125