0 0.48828125 0.0828125 0.0234375 0.04375
0 0.571875 0.2703125 0.053125 0.01875
0 0.7515625 0.296875 0.040625 0.040625
0 0.734375 0.309375 0.075 0.0578125
0 0.1765625 0.4375 0.115625 0.1125
0 0.128125 0.6 0.021875 0.06875
0 0.4078125 0.6203125 0.1609375 0.040625
0 0.3984375 0.940625 0.0359375 0.0359375
0 0.0328125 0.46875 0.0609375 0.0625
0 0.059375 0.75 0.11875 0.21875
0 0.95234375 0.846875 0.0953125 0.10625
0 0.60390625 0.36796875 0.0546875 0.0359375
0 0.5703125 0.4046875 0.0828125 0.0828125
0 0.8140625 0.9171875 0.06875 0.06875