0 0.0875 0.2296875 0.05625 0.05625
0 0.040625 0.0421875 0.04375 0.04375
0 0.884375 0.371875 0.1 0.015625
0 0.8125 0.371875 0.09375 0.015625
0 0.8421875 0.246875 0.065625 0.065625
0 0.159375 0.784375 0.09375 0.090625
0 0.02109375 0.609375 0.0421875 0.053125
0 0.065625 0.653125 0.05 0.05
0 0.20625 0.93125 0.046875 0.046875
0 0.325 0.55 0.040625 0.0546875
0 0.696875 0.9375 0.028125 0.03125
0 0.990625 0.9578125 0.01875 0.059375
0 0.71875 0.40078125 0.053125 0.0421875
0 0.990625 0.9421875 0.01875 0.03125