0 0.1515625 0.05078125 0.103125 0.1015625
0 0.4390625 0.021875 0.05625 0.04375
0 0.5515625 0.03203125 0.096875 0.0640625
0 0.2984375 0.04765625 0.20625 0.0953125
0 0.2828125 0.0859375 0.059375 0.059375
0 0.6953125 0.0640625 0.0875 0.128125
0 0.5671875 0.675 0.05625 0.05625
0 0.5625 0.69375 0.084375 0.084375
0 0.72265625 0.98828125 0.0328125 0.0234375
0 0.5890625 0.88125 0.078125 0.078125
0 0.715625 0.778125 0.034375 0.03125
0 0.7640625 0.4984375 0.05 0.01875
0 0.85 0.8359375 0.040625 0.034375
0 0.9765625 0.49453125 0.0375 0.0109375
0 0.9296875 0.8328125 0.0375 0.0375
0 0.7921875 0.5921875 0.0328125 0.0375
0 0.79375 0.834375 0.0671875 0.0390625