0 0.503125 0.4703125 0.0625 0.0625
0 0.5015625 0.0953125 0.040625 0.040625
0 0.4578125 0.2234375 0.0625 0.0625
0 0.10625 0.534375 0.059375 0.05625
0 0.190625 0.046875 0.053125 0.0375
0 0.825 0.3890625 0.078125 0.075
0 0.928125 0.4796875 0.034375 0.03125
0 0.71875 0.175 0.06875 0.06875
0 0.165625 0.9171875 0.084375 0.090625
0 0.4625 0.94921875 0.165625 0.1015625
0 0.37109375 0.953125 0.1546875 0.09375
0 0.8546875 0.93125 0.065625 0.065625
0 0.6265625 0.57890625 0.0375 0.0203125
0 0.8328125 0.57265625 0.03125 0.0078125