0 0.53515625 0.1484375 0.0484375 0.096875
0 0.4109375 0.02421875 0.053125 0.0484375
0 0.1734375 0.3609375 0.065625 0.065625
0 0.6703125 0.1046875 0.0390625 0.028125
0 0.209375 0.6078125 0.065625 0.06875
0 0.2984375 0.7015625 0.075 0.075
0 0.3625 0.57421875 0.184375 0.1296875
0 0.20859375 0.53359375 0.0421875 0.0484375
0 0.4171875 0.5765625 0.0703125 0.0703125
0 0.33203125 0.5390625 0.1390625 0.059375
0 0.4203125 0.7703125 0.08125 0.0796875
0 0.225 0.796875 0.065625 0.065625
0 0.2234375 0.959375 0.053125 0.046875
0 0.85546875 0.96796875 0.0796875 0.0640625