0 0.3109375 0.03203125 0.065625 0.0640625
0 0.2640625 0.08125 0.11875 0.115625
0 0.45859375 0.4375 0.0421875 0.046875
0 0.8953125 0.146875 0.075 0.071875
0 0.596875 0.0375 0.065625 0.065625
0 0.725 0.0296875 0.04375 0.03125
0 0.98046875 0.47109375 0.0359375 0.0171875
0 0.98125 0.3078125 0.0375 0.06875
0 0.98203125 0.45703125 0.0359375 0.0453125
0 0.98203125 0.33046875 0.0359375 0.1046875
0 0.98203125 0.39375 0.0359375 0.1375
0 0.071875 0.5203125 0.071875 0.0671875
0 0.553125 0.859375 0.1125 0.1125
0 0.503125 0.771875 0.046875 0.159375
0 0.6640625 0.95703125 0.09375 0.0859375
0 0.49921875 0.8046875 0.0390625 0.053125