0 0.9703125 0.50546875 0.059375 0.0265625
0 0.871875 0.2578125 0.084375 0.16875
0 0.7640625 0.2796875 0.03125 0.03125
0 0.3875 0.92734375 0.14375 0.1453125
0 0.42578125 0.96875 0.0671875 0.0625
0 0.2921875 0.86875 0.15 0.0515625
0 0.3890625 0.92421875 0.140625 0.1484375
0 0.0171875 0.9671875 0.034375 0.065625
0 0.25625 0.8125 0.06875 0.0609375
0 0.015625 0.82734375 0.03125 0.0296875
0 0.825 0.825 0.0625 0.084375
0 0.47890625 0.9296875 0.0390625 0.05625
0 0.6515625 0.7046875 0.0578125 0.0515625
0 0.7546875 0.696875 0.03125 0.034375