0 0.3515625 0.3 0.028125 0.028125
0 0.3390625 0.2421875 0.0375 0.0375
0 0.08125 0.5953125 0.028125 0.028125
0 0.296875 0.565625 0.0234375 0.0203125
0 0.234375 0.3171875 0.0234375 0.0234375
0 0.984375 0.478125 0.03125 0.065625
0 0.88125 0.1296875 0.0515625 0.0515625
0 0.8703125 0.1125 0.0875 0.0984375
0 0.88125 0.4625 0.0859375 0.0890625
0 0.5671875 0.696875 0.04375 0.0828125
0 0.5625 0.975 0.0546875 0.0484375
0 0.171875 0.81875 0.065625 0.065625
0 0.5546875 0.625 0.040625 0.0328125
0 0.4875 0.6796875 0.0359375 0.05
0 0.5140625 0.759375 0.05 0.065625