0 0.0796875 0.134375 0.021875 0.021875
0 0.2109375 0.4046875 0.0625 0.0625
0 0.3296875 0.02109375 0.059375 0.0421875
0 0.1390625 0.3921875 0.034375 0.040625
0 0.19375 0.325 0.053125 0.040625
0 0.2734375 0.3515625 0.05625 0.059375
0 0.478125 0.2515625 0.0625 0.0625
0 0.084375 0.5578125 0.071875 0.071875
0 0.1953125 0.53046875 0.159375 0.1015625
0 0.30859375 0.95234375 0.1015625 0.0953125
0 0.4375 0.49296875 0.071875 0.0265625
0 0.80234375 0.95078125 0.1515625 0.0984375
0 0.7265625 0.890625 0.075 0.075
0 0.4359375 0.853125 0.128125 0.128125
0 0.953125 0.65625 0.0375 0.0375