0 0.30625 0.44609375 0.071875 0.0453125
0 0.346875 0.43984375 0.121875 0.0578125
0 0.1859375 0.0984375 0.05 0.05
0 0.4171875 0.60625 0.096875 0.096875
0 0.06015625 0.97890625 0.0703125 0.0421875
0 0.1203125 0.5078125 0.090625 0.078125
0 0.1234375 0.528125 0.059375 0.059375
0 0.6015625 0.98359375 0.059375 0.0328125
0 0.8515625 0.915625 0.078125 0.078125
0 0.6453125 0.71875 0.05 0.05
0 0.6984375 0.6671875 0.046875 0.046875
0 0.8046875 0.5203125 0.06875 0.06875
0 0.7640625 0.48828125 0.059375 0.0390625
0 0.5703125 0.5625 0.028125 0.028125
0 0.846875 0.525 0.0421875 0.0609375
0 0.9515625 0.575 0.05 0.053125
0 0.7453125 0.73125 0.0390625 0.0421875