0 0.0671875 0.28125 0.034375 0.034375
0 0.9203125 0.0328125 0.04375 0.040625
0 0.940625 0.225 0.03125 0.028125
0 0.9609375 0.5390625 0.05625 0.0625
0 0.40625 0.246875 0.034375 0.053125
0 0.9453125 0.525 0.0359375 0.0296875
0 0.9265625 0.59375 0.034375 0.03125
0 0.01796875 0.7171875 0.0359375 0.096875
0 0.06484375 0.61640625 0.0421875 0.0140625
0 0.94609375 0.62890625 0.1078125 0.0390625
0 0.7890625 0.6375 0.06875 0.021875
0 0.9203125 0.7328125 0.0625 0.0609375
0 0.4234375 0.98671875 0.053125 0.0265625
0 0.6390625 0.8234375 0.21875 0.353125
0 0.39921875 0.8796875 0.0203125 0.04375