0 0.5453125 0.68671875 0.0375 0.0265625
0 0.340625 0.59375 0.059375 0.05
0 0.51875 0.6234375 0.040625 0.040625
0 0.02109375 0.1984375 0.0421875 0.10625
0 0.5171875 0.4328125 0.075 0.075
0 0.1890625 0.5640625 0.075 0.0875
0 0.3484375 0.434375 0.034375 0.034375
0 0.075 0.1578125 0.04375 0.053125
0 0.5046875 0.315625 0.0375 0.021875
0 0.4671875 0.009375 0.034375 0.01875
0 0.6890625 0.5765625 0.04375 0.046875
0 0.9765625 0.5875 0.028125 0.034375
0 0.93125 0.6375 0.01875 0.021875
0 0.946875 0.421875 0.065625 0.059375
0 0.453125 0.825 0.05625 0.05625
0 0.1171875 0.95 0.03125 0.03125
0 0.009375 0.91875 0.01875 0.025
0 0.7171875 0.7046875 0.04375 0.009375
0 0.7984375 0.7796875 0.04375 0.034375