0 0.43984375 0.2484375 0.0203125 0.071875
0 0.10390625 0.48203125 0.2078125 0.1546875
0 0.259375 0.0640625 0.08125 0.08125
0 0.259375 0.02734375 0.1125 0.0546875
0 0.29375 0.1234375 0.040625 0.1125
0 0.9921875 0.3765625 0.015625 0.01875
0 0.5265625 0.43125 0.0375 0.06875
0 0.4984375 0.31875 0.065625 0.065625
0 0.365625 0.9640625 0.03125 0.03125
0 0.2828125 0.9140625 0.040625 0.0375
0 0.2875 0.9265625 0.04375 0.04375
0 0.621875 0.91015625 0.21875 0.1796875
0 0.859375 0.8109375 0.11875 0.11875
0 0.9265625 0.77109375 0.146875 0.2078125
0 0.721875 0.8640625 0.090625 0.09375