0 0.2453125 0.3953125 0.05625 0.05625
0 0.1078125 0.125 0.096875 0.09375
0 0.03359375 0.1796875 0.0671875 0.13125
0 0.234375 0.1515625 0.084375 0.08125
0 0.3015625 0.1390625 0.1125 0.1125
0 0.3828125 0.1546875 0.075 0.075
0 0.46875 0.1359375 0.071875 0.075
0 0.4390625 0.2265625 0.065625 0.065625
0 0.390625 0.05625 0.06875 0.06875
0 0.9625 0.04296875 0.075 0.0859375
0 0.89375 0.321875 0.046875 0.046875
0 0.465625 0.8875 0.078125 0.078125
0 0.01875 0.6078125 0.0375 0.046875
0 0.6015625 0.64453125 0.275 0.3890625
0 0.4546875 0.471875 0.11875 0.04375
0 0.7546875 0.68125 0.03125 0.053125
0 0.934375 0.8703125 0.034375 0.03125