0 0.1703125 0.0671875 0.065625 0.065625
0 0.0890625 0.02421875 0.05625 0.0484375
0 0.2 0.01484375 0.0625 0.0296875
0 0.896875 0.24140625 0.0875 0.0765625
0 0.7234375 0.24921875 0.028125 0.0328125
0 0.02890625 0.6546875 0.0578125 0.040625
0 0.2796875 0.6609375 0.04375 0.04375
0 0.1125 0.6734375 0.053125 0.034375
0 0.5765625 0.709375 0.06875 0.06875
0 0.3640625 0.68125 0.0375 0.03125
0 0.4046875 0.98984375 0.040625 0.0203125
0 0.603125 0.7171875 0.071875 0.046875
0 0.5984375 0.553125 0.03125 0.03125
0 0.878125 0.646875 0.05 0.046875