0 0.975 0.1625 0.05 0.0625
0 0.965625 0.2703125 0.06875 0.1
0 0.85703125 0.1921875 0.0140625 0.04375
0 0.6484375 0.6171875 0.0375 0.0375
0 0.5734375 0.440625 0.034375 0.034375
0 0.7796875 0.621875 0.028125 0.028125
0 0.7390625 0.7984375 0.03125 0.03125
0 0.8171875 0.78125 0.05 0.046875
0 0.6078125 0.44375 0.090625 0.05
0 0.7359375 0.575 0.040625 0.040625
0 0.84453125 0.94140625 0.0109375 0.0359375
0 0.021875 0.5828125 0.04375 0.08125
0 0.40625 0.728125 0.15 0.15
0 0.3921875 0.6984375 0.08125 0.08125
0 0.4484375 0.43359375 0.103125 0.0296875
0 0.87578125 0.621875 0.0515625 0.09375