0 0.2859375 0.03359375 0.065625 0.0671875
0 0.325 0.196875 0.075 0.053125
0 0.62734375 0.284375 0.1359375 0.05
0 0.90625 0.028125 0.0375 0.0375
0 0.02578125 0.7265625 0.0515625 0.05625
0 0.209375 0.81875 0.0375 0.040625
0 0.040625 0.621875 0.046875 0.046875
0 0.3 0.78125 0.05 0.05
0 0.4625 0.86875 0.0234375 0.075
0 0.65 0.965625 0.040625 0.04375
0 0.746875 0.7859375 0.115625 0.078125
0 0.8921875 0.38125 0.040625 0.05
0 0.5734375 0.778125 0.146875 0.096875
0 0.796875 0.9640625 0.03125 0.04375
0 0.51171875 0.95234375 0.0234375 0.0265625