0 0.271875 0.5171875 0.03125 0.03125
0 0.1375 0.2515625 0.05625 0.1
0 0.01484375 0.2046875 0.0296875 0.06875
0 0.134375 0.475 0.059375 0.05
0 0.7671875 0.4953125 0.090625 0.090625
0 0.740625 0.215625 0.053125 0.06875
0 0.875 0.1546875 0.065625 0.065625
0 0.7921875 0.0703125 0.05 0.05
0 0.846875 0.2515625 0.04375 0.046875
0 0.821875 0.1890625 0.05 0.0640625
0 0.853125 0.0984375 0.0640625 0.0671875
0 0.6875 0.2234375 0.0484375 0.0515625
0 0.0265625 0.98359375 0.053125 0.0328125
0 0.0296875 0.684375 0.059375 0.05
0 0.475 0.584375 0.025 0.025