0 0.3078125 0.1046875 0.034375 0.03125
0 0.4484375 0.3421875 0.03125 0.03125
0 0.0203125 0.3546875 0.03125 0.03125
0 0.5953125 0.1109375 0.04375 0.040625
0 0.55625 0.3140625 0.075 0.078125
0 0.4328125 0.6828125 0.109375 0.109375
0 0.02109375 0.434375 0.0421875 0.04375
0 0.1703125 0.634375 0.040625 0.046875
0 0.0859375 0.5328125 0.046875 0.046875
0 0.81875 0.5890625 0.109375 0.0625
0 0.784375 0.9328125 0.0625 0.0625
0 0.97265625 0.8828125 0.0546875 0.165625
0 0.990625 0.9265625 0.01875 0.065625
0 0.815625 0.4140625 0.03125 0.03125
0 0.678125 0.5125 0.0328125 0.0328125