0 0.1390625 0.00546875 0.03125 0.0109375
0 0.1515625 0.65546875 0.025 0.0078125
0 0.3125 0.290625 0.075 0.078125
0 0.0734375 0.2421875 0.025 0.025
0 0.76875 0.309375 0.065625 0.053125
0 0.521875 0.33125 0.06875 0.06875
0 0.7078125 0.44375 0.0625 0.0625
0 0.6234375 0.3609375 0.053125 0.053125
0 0.8046875 0.415625 0.046875 0.04375
0 0.7421875 0.390625 0.0625 0.05
0 0.6515625 0.421875 0.0671875 0.0640625
0 0.4296875 0.03359375 0.1125 0.0671875
0 0.7765625 0.25625 0.0515625 0.0484375
0 0.11875 0.9203125 0.078125 0.04375
0 0.8359375 0.94375 0.078125 0.078125
0 0.6203125 0.7296875 0.140625 0.1234375