0 0.00625 0.1515625 0.0125 0.04375
0 0.02265625 0.1625 0.0453125 0.078125
0 0.79296875 0.17109375 0.0859375 0.3171875
0 0.5625 0.103125 0.028125 0.025
0 0.5875 0.2125 0.01875 0.0203125
0 0.2765625 0.653125 0.065625 0.065625
0 0.2328125 0.5109375 0.04375 0.021875
0 0.41015625 0.91484375 0.0390625 0.0984375
0 0.3265625 0.7265625 0.0390625 0.0453125
0 0.41953125 0.93828125 0.0203125 0.0796875
0 0.28515625 0.984375 0.0359375 0.03125
0 0.8578125 0.34296875 0.046875 0.0265625
0 0.6046875 0.3984375 0.0546875 0.03125
0 0.93125 0.6953125 0.090625 0.3359375