0 0.0734375 0.2578125 0.046875 0.046875
0 0.9484375 0.184375 0.06875 0.071875
0 0.9375 0.3140625 0.04375 0.03125
0 0.9671875 0.0734375 0.0625 0.0625
0 0.90625 0.1015625 0.046875 0.05
0 0.1046875 0.55 0.04375 0.04375
0 0.1953125 0.3671875 0.071875 0.071875
0 0.2796875 0.3671875 0.075 0.059375
0 0.3578125 0.3796875 0.03125 0.03125
0 0.3890625 0.8859375 0.040625 0.05
0 0.0265625 0.8953125 0.053125 0.053125
0 0.81875 0.5453125 0.03125 0.025
0 0.98125 0.4671875 0.03125 0.03125
0 0.646875 0.721875 0.04375 0.05625
0 0.790625 0.8546875 0.028125 0.03125
0 0.903125 0.3578125 0.053125 0.053125