0 0.075 0.2765625 0.040625 0.084375
0 0.475 0.06875 0.084375 0.1375
0 0.5453125 0.2859375 0.05 0.05
0 0.0328125 0.1375 0.065625 0.065625
0 0.0078125 0.021875 0.015625 0.04375
0 0.509375 0.4125 0.08125 0.1625
0 0.484375 0.259375 0.090625 0.090625
0 0.60546875 0.20625 0.0671875 0.053125
0 0.90859375 0.05625 0.1828125 0.1125
0 0.2203125 0.5953125 0.034375 0.034375
0 0.096875 0.98828125 0.05 0.0234375
0 0.95078125 0.7109375 0.0984375 0.1125
0 0.6796875 0.9921875 0.040625 0.015625
0 0.6890625 0.9546875 0.04375 0.04375