0 0.303125 0.4765625 0.1390625 0.065625
0 0.11875 0.040625 0.2375 0.0796875
0 0.18125 0.334375 0.06875 0.06875
0 0.1875 0.203125 0.1546875 0.1546875
0 0.246875 0.3453125 0.125 0.125
0 0.1421875 0.4265625 0.0890625 0.08125
0 0.9125 0.196875 0.0546875 0.05
0 0.5390625 0.0671875 0.0390625 0.04375
0 0.478125 0.3484375 0.0671875 0.065625
0 0.55625 0.3578125 0.0421875 0.0421875
0 0.259375 0.975 0.08125 0.05
0 0.334375 0.884375 0.034375 0.034375
0 0.23125 0.6375 0.0640625 0.0640625
0 0.2890625 0.5890625 0.06875 0.06875