0 0.1734375 0.253125 0.140625 0.075
0 0.0515625 0.3953125 0.0703125 0.06875
0 0.06953125 0.48203125 0.1390625 0.0734375
0 0.1171875 0.384375 0.13125 0.13125
0 0.02890625 0.303125 0.0578125 0.090625
0 0.3484375 0.38125 0.065625 0.065625
0 0.4265625 0.371875 0.046875 0.04375
0 0.1015625 0.0921875 0.0625 0.0625
0 0.159375 0.140625 0.071875 0.071875
0 0.609375 0.359375 0.040625 0.0875
0 0.9828125 0.30234375 0.034375 0.0984375
0 0.896875 0.271875 0.05 0.05
0 0.7578125 0.328125 0.078125 0.075
0 0.7234375 0.296875 0.16875 0.16875
0 0.8890625 0.4703125 0.065625 0.06875
0 0.9125 0.434375 0.1125 0.1125
0 0.7359375 0.39375 0.134375 0.134375
0 0.7046875 0.015625 0.05 0.03125
0 0.7984375 0.203125 0.078125 0.04375
0 0.6765625 0.178125 0.065625 0.065625
0 0.6359375 0.603125 0.03125 0.03125
0 0.9796875 0.6625 0.040625 0.053125
0 0.915625 0.5484375 0.04375 0.04375