0 0.7875 0.8703125 0.11875 0.0703125
0 0.2796875 0.7578125 0.0828125 0.034375
0 0.0703125 0.3578125 0.140625 0.0859375
0 0.7078125 0.290625 0.328125 0.0953125
0 0.2890625 0.2875 0.0390625 0.0546875
0 0.5640625 0.740625 0.046875 0.0265625
0 0.9078125 0.10625 0.05 0.025
0 0.8 0.7359375 0.1328125 0.040625
0 0.140625 0.8 0.0609375 0.065625
0 0.828125 0.103125 0.0296875 0.0171875
0 0.01875 0.846875 0.0375 0.075
0 0.415625 0.3234375 0.1640625 0.08125
0 0.2625 0.3484375 0.1203125 0.0546875
0 0.209375 0.2265625 0.0515625 0.0671875