0 0.228125 0.41875 0.084375 0.084375
0 0.04375 0.5484375 0.05 0.046875
0 0.090625 0.3078125 0.075 0.075
0 0.0859375 0.50625 0.06875 0.071875
0 0.28359375 0.2078125 0.0328125 0.046875
0 0.4875 0.6515625 0.10625 0.075
0 0.3140625 0.5609375 0.028125 0.028125
0 0.378125 0.5890625 0.09375 0.09375
0 0.5 0.31875 0.1 0.103125
0 0.440625 0.0703125 0.059375 0.059375
0 0.95703125 0.44453125 0.0859375 0.1359375
0 0.93828125 0.19296875 0.1234375 0.1515625
0 0.671875 0.4421875 0.259375 0.225
0 0.659375 0.3796875 0.09375 0.09375
0 0.28359375 0.9328125 0.0328125 0.0625
0 0.2609375 0.8921875 0.040625 0.040625
0 0.6859375 0.7171875 0.028125 0.028125
0 0.66875 0.8875 0.025 0.025
0 0.490625 0.8796875 0.034375 0.03125