0 0.234375 0.3265625 0.078125 0.078125
0 0.05 0.196875 0.0453125 0.046875
0 0.096875 0.4375 0.071875 0.071875
0 0.4515625 0.4 0.0765625 0.0765625
0 0.0921875 0.2390625 0.06875 0.0703125
0 0.296875 0.5375 0.0609375 0.025
0 0.81875 0.4296875 0.1078125 0.10625
0 0.7328125 0.525 0.028125 0.05
0 0.43125 0.9296875 0.140625 0.140625
0 0.228125 0.765625 0.05 0.05
0 0.36875 0.7703125 0.05625 0.05625
0 0.68125 0.578125 0.071875 0.0546875
0 0.53125 0.6375 0.0609375 0.0625
0 0.784375 0.590625 0.0703125 0.0703125
0 0.9875 0.890625 0.0234375 0.06875