0 0.02265625 0.3640625 0.0453125 0.075
0 0.4265625 0.3390625 0.053125 0.053125
0 0.3046875 0.2984375 0.084375 0.08125
0 0.1765625 0.0109375 0.08125 0.021875
0 0.4328125 0.309375 0.053125 0.040625
0 0.5734375 0.428125 0.0375 0.0375
0 0.2078125 0.75 0.03125 0.03125
0 0.503125 0.653125 0.0375 0.034375
0 0.4609375 0.8109375 0.0296875 0.0328125
0 0.7390625 0.8109375 0.040625 0.040625
0 0.703125 0.9578125 0.125 0.084375
0 0.8609375 0.9484375 0.028125 0.028125
0 0.7328125 0.9171875 0.028125 0.028125
0 0.5515625 0.9515625 0.04375 0.075
0 0.8109375 0.9828125 0.034375 0.034375
0 0.5375 0.90859375 0.015625 0.0359375
0 0.98984375 0.94140625 0.0203125 0.0390625