0 0.4203125 0.1796875 0.046875 0.046875
0 0.40625 0.053125 0.03125 0.034375
0 0.4578125 0.453125 0.065625 0.06875
0 0.4703125 0.040625 0.028125 0.03125
0 0.5046875 0.0609375 0.028125 0.03125
0 0.3953125 0.3328125 0.05625 0.065625
0 0.040625 0.1140625 0.05 0.05
0 0.034375 0.2359375 0.03125 0.075
0 0.478125 0.4421875 0.046875 0.046875
0 0.4328125 0.45625 0.0375 0.05625
0 0.71875 0.3125 0.090625 0.090625
0 0.634375 0.4953125 0.053125 0.053125
0 0.35625 0.6609375 0.034375 0.034375
0 0.10625 0.9484375 0.03125 0.03125
0 0.58828125 0.98203125 0.0578125 0.0359375
0 0.628125 0.903125 0.04375 0.04375
0 0.603125 0.66015625 0.128125 0.0609375
0 0.6359375 0.6890625 0.06875 0.06875
0 0.6890625 0.821875 0.01875 0.05625
0 0.7265625 0.7421875 0.05625 0.05625