0 0.16875 0.0359375 0.059375 0.059375
0 0.01953125 0.1984375 0.0390625 0.046875
0 0.071875 0.0734375 0.0625 0.059375
0 0.0078125 0.1765625 0.015625 0.065625
0 0.084375 0.4765625 0.1 0.1
0 0.9109375 0.2625 0.128125 0.128125
0 0.8125 0.3015625 0.0625 0.059375
0 0.6984375 0.05390625 0.16875 0.1078125
0 0.20625 0.7265625 0.084375 0.05
0 0.57109375 0.675 0.0171875 0.05
0 0.2125 0.99375 0.040625 0.0125
0 0.3875 0.6921875 0.053125 0.053125
0 0.54375 0.6453125 0.0453125 0.034375
0 0.5109375 0.6578125 0.1046875 0.0296875
0 0.425 0.7390625 0.0328125 0.034375