0 0.96875 0.3734375 0.0609375 0.146875
0 0.98125 0.0171875 0.0359375 0.034375
0 0.90859375 0.18984375 0.1828125 0.2046875
0 0.2921875 0.9890625 0.0625 0.021875
0 0.071875 0.928125 0.046875 0.0484375
0 0.321875 0.78125 0.05 0.05
0 0.18125 0.584375 0.0703125 0.0484375
0 0.184375 0.8625 0.034375 0.0359375
0 0.34375 0.7375 0.04375 0.0421875
0 0.21875 0.68125 0.059375 0.0578125
0 0.321875 0.771875 0.0609375 0.065625
0 0.08125 0.575 0.05625 0.0296875
0 0.621875 0.66875 0.096875 0.0984375
0 0.9375 0.65 0.0453125 0.0453125