0 0.05625 0.234375 0.075 0.075
0 0.20625 0.2890625 0.05 0.021875
0 0.5515625 0.0875 0.103125 0.103125
0 0.8640625 0.19375 0.0375 0.040625
0 0.8765625 0.125 0.015625 0.05
0 0.925 0.21875 0.0625 0.065625
0 0.86875 0.665625 0.059375 0.028125
0 0.43359375 0.6515625 0.0484375 0.05625
0 0.97734375 0.475 0.0453125 0.08125
0 0.2609375 0.871875 0.0875 0.0875
0 0.07734375 0.8890625 0.1546875 0.065625
0 0.37109375 0.84609375 0.0765625 0.0828125
0 0.56875 0.7953125 0.040625 0.04375
0 0.9640625 0.8046875 0.04375 0.04375
0 0.5453125 0.9875 0.028125 0.025