0 0.2109375 0.4015625 0.053125 0.053125
0 0.8625 0.26875 0.0375 0.046875
0 0.971875 0.1 0.034375 0.034375
0 0.83125 0.165625 0.08125 0.053125
0 0.98515625 0.2 0.0296875 0.03125
0 0.25625 0.746875 0.04375 0.04375
0 0.3625 0.5171875 0.084375 0.05625
0 0.3875 0.9 0.059375 0.059375
0 0.33125 0.79375 0.025 0.025
0 0.33125 0.5625 0.03125 0.03125
0 0.34375 0.51015625 0.053125 0.0421875
0 0.8421875 0.9125 0.0796875 0.08125
0 0.76328125 0.86796875 0.0890625 0.1609375
0 0.82734375 0.96015625 0.1296875 0.0796875
0 0.9296875 0.9078125 0.0578125 0.084375