0 0.034375 0.2546875 0.06875 0.06875
0 0.3625 0.25 0.034375 0.034375
0 0.265625 0.2484375 0.034375 0.034375
0 0.75625 0.3 0.0625 0.0625
0 0.8078125 0.2 0.075 0.075
0 0.8265625 0.21875 0.153125 0.11875
0 0.0703125 0.7203125 0.04375 0.04375
0 0.2875 0.75 0.034375 0.034375
0 0.18125 0.64375 0.05625 0.05
0 0.496875 0.7515625 0.0328125 0.0296875
0 0.0890625 0.9796875 0.025 0.025
0 0.2578125 0.646875 0.0359375 0.0265625
0 0.5515625 0.67734375 0.015625 0.0296875
0 0.2171875 0.8015625 0.0484375 0.046875
0 0.0109375 0.81953125 0.021875 0.0265625
0 0.840625 0.7984375 0.0515625 0.034375
0 0.790625 0.725 0.059375 0.0484375
0 0.98984375 0.92109375 0.0203125 0.0609375
0 0.628125 0.5609375 0.065625 0.028125