0 0.3390625 0.6046875 0.05 0.03125
0 0.1796875 0.3421875 0.028125 0.053125
0 0.284375 0.66875 0.05625 0.040625
0 0.3359375 0.2765625 0.053125 0.053125
0 0.515625 0.49375 0.053125 0.059375
0 0.5359375 0.484375 0.03125 0.028125
0 0.9515625 0.5234375 0.046875 0.046875
0 0.8921875 0.31875 0.08125 0.084375
0 0.9625 0.3421875 0.053125 0.05
0 0.7203125 0.4015625 0.065625 0.065625
0 0.921875 0.3734375 0.1 0.1
0 0.3703125 0.8046875 0.08125 0.08125
0 0.4921875 0.85 0.075 0.075
0 0.2875 0.71171875 0.06875 0.0453125
0 0.3890625 0.7890625 0.05625 0.05625
0 0.3484375 0.8125 0.05625 0.05625
0 0.7671875 0.85625 0.034375 0.034375