0 0.640625 0.365625 0.046875 0.028125
0 0.2609375 0.8578125 0.0359375 0.0484375
0 0.2796875 0.5203125 0.0328125 0.0515625
0 0.2671875 0.6578125 0.0265625 0.021875
0 0.2625 0.7171875 0.03125 0.0875
0 0.48125 0.628125 0.0265625 0.0515625
0 0.271875 0.375 0.0484375 0.028125
0 0.5859375 0.2953125 0.05625 0.0453125
0 0.9125 0.6171875 0.0390625 0.1359375
0 0.6375 0.69375 0.046875 0.05625
0 0.925 0.615625 0.0296875 0.121875
0 0.09375 0.8984375 0.025 0.015625
0 0.91875 0.5640625 0.028125 0.0296875
0 0.8171875 0.4765625 0.053125 0.0578125
0 0.903125 0.484375 0.0390625 0.0796875
0 0.8375 0.4859375 0.0328125 0.028125