0 0.3046875 0.075 0.03125 0.034375
0 0.3015625 0.0265625 0.04375 0.04375
0 0.5609375 0.2015625 0.075 0.075
0 0.98046875 0.321875 0.0390625 0.046875
0 0.3984375 0.8453125 0.04375 0.04375
0 0.384375 0.971875 0.034375 0.0375
0 0.4359375 0.571875 0.078125 0.0546875
0 0.5328125 0.69375 0.05 0.0359375
0 0.4484375 0.984375 0.0265625 0.03125
0 0.4828125 0.9640625 0.0296875 0.0296875
0 0.5453125 0.5046875 0.0703125 0.0484375
0 0.3734375 0.6921875 0.053125 0.0609375
0 0.01875 0.9109375 0.0375 0.0640625
0 0.0125 0.7890625 0.025 0.0734375
0 0.45625 0.5828125 0.0421875 0.0484375
0 0.4109375 0.56875 0.0375 0.05625
0 0.95625 0.4953125 0.040625 0.0296875
0 0.9171875 0.4515625 0.04375 0.0375