0 0.353125 0.3703125 0.046875 0.046875
0 0.2234375 0.1078125 0.05 0.053125
0 0.2328125 0.4453125 0.059375 0.059375
0 0.2671875 0.3828125 0.03125 0.040625
0 0.9828125 0.2578125 0.034375 0.046875
0 0.6 0.325 0.1625 0.35625
0 0.53828125 0.0171875 0.0390625 0.034375
0 0.190625 0.896875 0.05625 0.05625
0 0.746875 0.6796875 0.0625 0.0625
0 0.8578125 0.5734375 0.075 0.078125
0 0.9875 0.8421875 0.025 0.1
0 0.5484375 0.95546875 0.059375 0.0890625
0 0.6015625 0.95546875 0.165625 0.0890625
0 0.9421875 0.525 0.028125 0.0125