0 0.815625 0.2734375 0.103125 0.040625
0 0.89375 0.190625 0.04375 0.04375
0 0.46015625 0.4296875 0.0203125 0.078125
0 0.225 0.94296875 0.45 0.1109375
0 0.80625 0.9140625 0.04375 0.04375
0 0.98671875 0.5359375 0.0265625 0.125
0 0.9328125 0.9 0.0359375 0.03125
0 0.5328125 0.9515625 0.0546875 0.078125
0 0.9453125 0.9640625 0.03125 0.0265625
0 0.92421875 0.99140625 0.0296875 0.0171875
0 0.653125 0.8890625 0.0609375 0.053125
0 0.871875 0.534375 0.0640625 0.0375
0 0.75 0.528125 0.0734375 0.025
0 0.54375 0.971875 0.0484375 0.0421875
0 0.5296875 0.9265625 0.05625 0.0375