0 0.015625 0.1359375 0.0296875 0.0734375
0 0.8359375 0.2578125 0.040625 0.0390625
0 0.6296875 0.2 0.04375 0.065625
0 0.571875 0.1140625 0.05 0.040625
0 0.51875 0.8546875 0.0484375 0.0390625
0 0.009375 0.6703125 0.01875 0.034375
0 0.5703125 0.6265625 0.0515625 0.1
0 0.7578125 0.284375 0.0328125 0.0484375
0 0.6578125 0.1203125 0.0828125 0.0515625
0 0.5796875 0.490625 0.084375 0.0359375
0 0.915625 0.253125 0.04375 0.0609375
0 0.6046875 0.7140625 0.0515625 0.0359375
0 0.0078125 0.4359375 0.015625 0.028125
0 0.559375 0.4203125 0.0375 0.0296875
0 0.0140625 0.6796875 0.0265625 0.0671875
0 0.6109375 0.86875 0.0359375 0.0328125