0 0.421875 0.40625 0.046875 0.046875
0 0.465625 0.471875 0.040625 0.034375
0 0.821875 0.315625 0.046875 0.046875
0 0.91875 0.21875 0.05 0.05
0 0.80625 0.365625 0.03125 0.03125
0 0.1421875 0.60390625 0.284375 0.2296875
0 0.825 0.7359375 0.059375 0.059375
0 0.846875 0.97421875 0.06875 0.0515625
0 0.959375 0.796875 0.065625 0.06875
0 0.8765625 0.88125 0.053125 0.053125
0 0.93125 0.7 0.04375 0.04375
0 0.90625 0.7625 0.05625 0.059375
0 0.9375 0.853125 0.0625 0.06875
0 0.771875 0.728125 0.0484375 0.0515625