0 0.0296875 0.0515625 0.059375 0.071875
0 0.165625 0.1109375 0.025 0.028125
0 0.778125 0.48125 0.028125 0.015625
0 0.665625 0.184375 0.021875 0.021875
0 0.8359375 0.3 0.16875 0.0609375
0 0.9703125 0.26875 0.059375 0.125
0 0.12109375 0.51953125 0.1703125 0.0609375
0 0.409375 0.5734375 0.04375 0.0421875
0 0.8078125 0.98671875 0.040625 0.0265625
0 0.6890625 0.515625 0.025 0.025
0 0.7921875 0.5703125 0.040625 0.040625
0 0.815625 0.903125 0.040625 0.040625
0 0.78125 0.5171875 0.028125 0.028125
0 0.809375 0.6546875 0.0375 0.059375