0 0.728125 0.1296875 0.0484375 0.0484375
0 0.721875 0.3375 0.0390625 0.0421875
0 0.7390625 0.553125 0.0421875 0.0421875
0 0.478125 0.146875 0.0296875 0.0296875
0 0.821875 0.246875 0.053125 0.05625
0 0.65625 0.28125 0.025 0.0234375
0 0.8203125 0.325 0.025 0.0390625
0 0.8046875 0.0390625 0.040625 0.078125
0 0.6796875 0.00625 0.028125 0.0125
0 0.6 0.040625 0.03125 0.0265625
0 0.625 0.0671875 0.0265625 0.0265625
0 0.11875 0.953125 0.0515625 0.0515625
0 0.0140625 0.921875 0.028125 0.028125
0 0.809375 0.809375 0.0296875 0.0296875
0 0.4640625 0.625 0.009375 0.0265625
0 0.9875 0.946875 0.025 0.0234375
0 0.634375 0.821875 0.1203125 0.0453125
0 0.93125 0.70625 0.03125 0.0265625
0 0.95625 0.73125 0.0265625 0.0265625