0 0.0640625 0.57109375 0.05 0.0171875
0 0.0703125 0.3796875 0.040625 0.040625
0 0.053125 0.1640625 0.04375 0.04375
0 0.3140625 0.5671875 0.03125 0.025
0 0.1359375 0.4359375 0.025 0.025
0 0.328125 0.0921875 0.015625 0.01875
0 0.5703125 0.2484375 0.140625 0.16875
0 0.9421875 0.196875 0.053125 0.053125
0 0.6421875 0.2609375 0.209375 0.196875
0 0.7265625 0.2 0.08125 0.065625
0 0.9484375 0.103125 0.06875 0.06875
0 0.975 0.1375 0.05 0.059375
0 0.8203125 0.1484375 0.04375 0.040625
0 0.384375 0.9140625 0.06875 0.06875
0 0.3421875 0.8171875 0.075 0.075
0 0.48203125 0.9609375 0.0359375 0.071875
0 0.234375 0.7546875 0.0375 0.0375
0 0.7515625 0.934375 0.065625 0.115625