0 0.55703125 0.2296875 0.0359375 0.128125
0 0.6453125 0.1625 0.0796875 0.0390625
0 0.7578125 0.209375 0.0390625 0.0578125
0 0.50859375 0.95546875 0.0609375 0.0890625
0 0.4078125 0.5890625 0.04375 0.04375
0 0.028125 0.5265625 0.05625 0.078125
0 0.93125 0.4953125 0.06875 0.06875
0 0.9890625 0.52109375 0.021875 0.0328125
0 0.8875 0.6203125 0.028125 0.028125
0 0.94375 0.596875 0.0265625 0.025
0 0.7890625 0.7515625 0.04375 0.0296875
0 0.778125 0.7546875 0.0546875 0.0234375
0 0.7953125 0.3453125 0.046875 0.0453125