0 0.66484375 0.1203125 0.0078125 0.0375
0 0.01875 0.04453125 0.0375 0.0890625
0 0.5484375 0.1703125 0.075 0.075
0 0.5390625 0.1390625 0.028125 0.028125
0 0.00859375 0.2453125 0.0171875 0.040625
0 0.7140625 0.15 0.04375 0.04375
0 0.97890625 0.284375 0.0421875 0.053125
0 0.79375 0.0953125 0.0375 0.034375
0 0.11875 0.47421875 0.05625 0.0296875
0 0.1515625 0.6796875 0.05 0.04375
0 0.1875 0.846875 0.096875 0.059375
0 0.1453125 0.9015625 0.10625 0.10625
0 0.278125 0.8 0.046875 0.046875
0 0.1734375 0.996875 0.03125 0.00625
0 0.996875 0.8109375 0.00625 0.053125