0 0.48125 0.4140625 0.0625 0.09375
0 0.5484375 0.01015625 0.075 0.0203125
0 0.72109375 0.5125 0.0953125 0.09375
0 0.54609375 0.52421875 0.0734375 0.0703125
0 0.5796875 0.478125 0.1375 0.153125
0 0.97734375 0.28203125 0.0453125 0.0671875
0 0.61875 0.2390625 0.0484375 0.046875
0 0.93125 0.2265625 0.08125 0.0578125
0 0.940625 0.225 0.05625 0.05625
0 0.8046875 0.2515625 0.0640625 0.0546875
0 0.584375 0.53671875 0.14375 0.0453125
0 0.8640625 0.2921875 0.125 0.1140625
0 0.1390625 0.8734375 0.209375 0.0625