0 0.8359375 0.2390625 0.04375 0.04375
0 0.5265625 0.265625 0.071875 0.025
0 0.8078125 0.45 0.0671875 0.0671875
0 0.4515625 0.98515625 0.05625 0.0296875
0 0.221875 0.825 0.04375 0.040625
0 0.175 0.88125 0.04375 0.0390625
0 0.453125 0.6515625 0.0421875 0.0546875
0 0.0375 0.9890625 0.06875 0.021875
0 0.009375 0.96328125 0.01875 0.0546875
0 0.059375 0.7625 0.0265625 0.0265625
0 0.45 0.7046875 0.0234375 0.021875
0 0.2421875 0.9234375 0.0390625 0.0359375
0 0.89921875 0.59453125 0.1671875 0.1703125
0 0.6640625 0.54140625 0.10625 0.0640625
0 0.7484375 0.534375 0.14375 0.05
0 0.8859375 0.8515625 0.09375 0.1140625