0 0.390625 0.2984375 0.096875 0.08125
0 0.3765625 0.51484375 0.125 0.0296875
0 0.7828125 0.1484375 0.059375 0.059375
0 0.765625 0.4328125 0.0375 0.0375
0 0.825 0.01953125 0.065625 0.0390625
0 0.215625 0.9296875 0.04375 0.04375
0 0.00703125 0.8234375 0.0140625 0.084375
0 0.36875 0.7984375 0.0625 0.05625
0 0.2625 0.8546875 0.025 0.028125
0 0.03125 0.8546875 0.034375 0.03125
0 0.53046875 0.884375 0.1828125 0.23125
0 0.896875 0.990625 0.03125 0.01875
0 0.9140625 0.8734375 0.06875 0.06875
0 0.8875 0.61875 0.04375 0.04375
0 0.48984375 0.59609375 0.0765625 0.1328125