0 0.053125 0.4703125 0.05625 0.05625
0 0.2046875 0.440625 0.096875 0.096875
0 0.0453125 0.3109375 0.040625 0.040625
0 0.7046875 0.2421875 0.084375 0.084375
0 0.7 0.01875 0.075 0.0375
0 0.8359375 0.3921875 0.0375 0.0375
0 0.359375 0.53671875 0.059375 0.0359375
0 0.3484375 0.675 0.165625 0.125
0 0.203125 0.625 0.040625 0.040625
0 0.3359375 0.6296875 0.040625 0.040625
0 0.2421875 0.671875 0.046875 0.046875
0 0.071875 0.58125 0.059375 0.059375
0 0.0875 0.790625 0.05 0.05
0 0.034375 0.8109375 0.0375 0.0375
0 0.78125 0.6265625 0.08125 0.096875
0 0.484375 0.7140625 0.046875 0.05
0 0.49375 0.9296875 0.0875 0.140625