0 0.1953125 0.4359375 0.0375 0.040625
0 0.1796875 0.075 0.0375 0.0375
0 0.2453125 0.309375 0.08125 0.08125
0 0.403125 0.3078125 0.059375 0.059375
0 0.51875 0.03046875 0.059375 0.0609375
0 0.503125 0.3671875 0.046875 0.1125
0 0.975 0.21015625 0.05 0.1109375
0 0.94375 0.1453125 0.075 0.078125
0 0.9828125 0.08125 0.034375 0.08125
0 0.98671875 0.0921875 0.0265625 0.05625
0 0.9328125 0.0390625 0.115625 0.078125
0 0.91796875 0.428125 0.0828125 0.0625
0 0.2359375 0.4734375 0.065625 0.028125
0 0.02578125 0.7265625 0.0515625 0.03125
0 0.5234375 0.6703125 0.03125 0.034375
0 0.5546875 0.98125 0.084375 0.0375