0 0.1796875 0.01484375 0.103125 0.0296875
0 0.1640625 0.246875 0.046875 0.046875
0 0.1890625 0.3703125 0.034375 0.03125
0 0.3015625 0.034375 0.04375 0.04375
0 0.2359375 0.096875 0.028125 0.028125
0 0.021875 0.30859375 0.04375 0.0734375
0 0.096875 0.38125 0.040625 0.034375
0 0.409375 0.2 0.01875 0.071875
0 0.8578125 0.5453125 0.2375 0.128125
0 0.9546875 0.3796875 0.0375 0.1375
0 0.4609375 0.2375 0.084375 0.11875
0 0.16875 0.934375 0.05625 0.05625
0 0.259375 0.909375 0.065625 0.05
0 0.33125 0.93125 0.04375 0.0375
0 0.45078125 0.9875 0.0640625 0.025