0 0.709375 0.30625 0.0390625 0.0390625
0 0.8859375 0.38125 0.0359375 0.034375
0 0.7046875 0.175 0.028125 0.028125
0 0.528125 0.215625 0.0296875 0.0296875
0 0.5453125 0.1375 0.0453125 0.0453125
0 0.9046875 0.346875 0.090625 0.0859375
0 0.7515625 0.21875 0.0390625 0.040625
0 0.384375 0.0921875 0.0359375 0.0453125
0 0.690625 0.065625 0.01875 0.01875
0 0.0125 0.55546875 0.025 0.0734375
0 0.046875 0.84296875 0.09375 0.1078125
0 0.74375 0.9515625 0.08125 0.08125
0 0.5984375 0.5484375 0.15 0.15
0 0.628125 0.5625 0.08125 0.08125
0 0.9296875 0.50625 0.103125 0.103125