0 0.1453125 0.7109375 0.025 0.025
0 0.846875 0.31875 0.04375 0.090625
0 0.8515625 0.0234375 0.03125 0.046875
0 0.8 0.2375 0.0578125 0.0578125
0 0.778125 0.3484375 0.065625 0.05625
0 0.465625 0.9390625 0.0453125 0.0453125
0 0.40390625 0.771875 0.0953125 0.065625
0 0.6234375 0.86953125 0.13125 0.2609375
0 0.3875 0.88125 0.053125 0.053125
0 0.3953125 0.94375 0.0609375 0.0515625
0 0.440625 0.8140625 0.034375 0.0390625
0 0.8859375 0.8421875 0.0890625 0.0703125
0 0.7640625 0.75390625 0.05625 0.0296875
0 0.7921875 0.9328125 0.0796875 0.0625
0 0.8625 0.8359375 0.0515625 0.05625
0 0.9109375 0.8390625 0.0484375 0.0625