0 0.46875 0.121875 0.0375 0.0375
0 0.459375 0.0140625 0.028125 0.028125
0 0.2109375 0.5828125 0.06875 0.0375
0 0.9265625 0.4359375 0.053125 0.053125
0 0.546875 0.4796875 0.034375 0.10625
0 0.6828125 0.3109375 0.04375 0.034375
0 0.7203125 0.265625 0.04375 0.0375
0 0.525 0.7421875 0.009375 0.040625
0 0.50703125 0.803125 0.0453125 0.0625
0 0.053125 0.746875 0.090625 0.025
0 0.259375 0.8734375 0.075 0.0765625
0 0.55078125 0.65078125 0.0421875 0.0421875
0 0.8609375 0.6828125 0.040625 0.040625
0 0.9640625 0.7140625 0.05 0.0796875