0 0.02578125 0.2453125 0.0515625 0.05625
0 0.46640625 0.2015625 0.0953125 0.125
0 0.5515625 0.240625 0.021875 0.1
0 0.665625 0.02265625 0.171875 0.0453125
0 0.990625 0.0921875 0.01875 0.06875
0 0.2046875 0.51953125 0.0375 0.0390625
0 0.1109375 0.96875 0.05 0.0625
0 0.21875 0.75625 0.05 0.05
0 0.3234375 0.6546875 0.04375 0.06875
0 0.2671875 0.8140625 0.05625 0.053125
0 0.2875 0.7 0.05625 0.05625
0 0.0859375 0.6328125 0.0265625 0.0265625
0 0.209375 0.8921875 0.0734375 0.0765625
0 0.365625 0.646875 0.0375 0.0578125
0 0.3484375 0.7640625 0.05625 0.0890625
0 0.521875 0.7890625 0.059375 0.059375
0 0.8375 0.78125 0.046875 0.05625