0 0.4890625 0.2328125 0.04375 0.04375
0 0.321875 0.09375 0.04375 0.096875
0 0.9890625 0.1 0.021875 0.1875
0 0.025 0.771875 0.05 0.0625
0 0.040625 0.8828125 0.0375 0.0375
0 0.11484375 0.9921875 0.0453125 0.015625
0 0.075 0.9015625 0.034375 0.0671875
0 0.2375 0.6703125 0.0484375 0.046875
0 0.275 0.446875 0.0328125 0.025
0 0.090625 0.5265625 0.0640625 0.184375
0 0.421875 0.58125 0.0375 0.0125
0 0.5046875 0.4546875 0.04375 0.04375
0 0.990625 0.40625 0.01875 0.0375
0 0.534375 0.6625 0.025 0.025
0 0.5796875 0.771875 0.05625 0.05625
0 0.97578125 0.740625 0.0484375 0.053125
0 0.7375 0.934375 0.065625 0.040625