0 0.090625 0.115625 0.05 0.05
0 0.75 0.37890625 0.075 0.0203125
0 0.52421875 0.3046875 0.0609375 0.16875
0 0.58125 0.11875 0.0921875 0.078125
0 0.5859375 0.240625 0.053125 0.0484375
0 0.50625 0.37109375 0.075 0.0359375
0 0.6078125 0.1265625 0.0296875 0.025
0 0.3484375 0.7375 0.240625 0.153125
0 0.334375 0.39453125 0.05625 0.0109375
0 0.30625 0.5015625 0.090625 0.16875
0 0.271875 0.3984375 0.078125 0.01875
0 0.571875 0.7296875 0.04375 0.04375
0 0.5 0.96328125 0.0625 0.0734375
0 0.5 0.9125 0.0375 0.0359375
0 0.48515625 0.9609375 0.0328125 0.05625
0 0.678125 0.85625 0.0671875 0.1
0 0.678125 0.728125 0.0640625 0.071875
0 0.70625 0.6671875 0.084375 0.090625
0 0.8140625 0.6046875 0.096875 0.0484375