0 0.3703125 0.590625 0.04375 0.0375
0 0.353125 0.45625 0.025 0.025
0 0.1453125 0.0984375 0.046875 0.046875
0 0.1578125 0.246875 0.025 0.021875
0 0.2984375 0.225 0.034375 0.05
0 0.6375 0.39375 0.0625 0.071875
0 0.65 0.1515625 0.053125 0.05625
0 0.4328125 0.4671875 0.025 0.025
0 0.5859375 0.0453125 0.04375 0.046875
0 0.27265625 0.9953125 0.0640625 0.009375
0 0.246875 0.75 0.08125 0.08125
0 0.36875 0.846875 0.05625 0.046875
0 0.340625 0.659375 0.0796875 0.0625
0 0.2140625 0.88125 0.065625 0.071875
0 0.2703125 0.75625 0.0515625 0.05625
0 0.221875 0.753125 0.0484375 0.0625
0 0.8796875 0.7703125 0.03125 0.03125
0 0.88125 0.8421875 0.025 0.028125
0 0.8796875 0.68125 0.025 0.05625