0 0.06875 0.2421875 0.0796875 0.078125
0 0.08125 0.046875 0.04375 0.04375
0 0.903125 0.28125 0.096875 0.096875
0 0.65 0.5375 0.0859375 0.0859375
0 0.6265625 0.028125 0.06875 0.0546875
0 0.55625 0.15 0.0515625 0.109375
0 0.7234375 0.49375 0.0703125 0.0703125
0 0.7625 0.1609375 0.06875 0.071875
0 0.8375 0.565625 0.0703125 0.028125
0 0.628125 0.06875 0.0546875 0.05625
0 0.659375 0.0875 0.0890625 0.1
0 0.775 0.103125 0.046875 0.046875
0 0.04375 0.640625 0.0875 0.121875
0 0.85 0.721875 0.125 0.1171875
0 0.665625 0.96875 0.146875 0.0625