0 0.1359375 0.38125 0.034375 0.0375
0 0.9046875 0.3125 0.053125 0.053125
0 0.7296875 0.275 0.01875 0.01875
0 0.803125 0.403125 0.021875 0.025
0 0.85625 0.2671875 0.021875 0.021875
0 0.340625 0.7828125 0.01875 0.0625
0 0.1171875 0.5921875 0.0375 0.0375
0 0.34296875 0.5453125 0.0140625 0.046875
0 0.11875 0.75625 0.028125 0.028125
0 0.1171875 0.4828125 0.0328125 0.0265625
0 0.8390625 0.6265625 0.05625 0.05625
0 0.8171875 0.621875 0.096875 0.096875
0 0.9234375 0.840625 0.0375 0.0375
0 0.5140625 0.828125 0.053125 0.053125
0 0.734375 0.875 0.03125 0.015625
0 0.4546875 0.975 0.028125 0.028125