0 0.01796875 0.1984375 0.0359375 0.065625
0 0.93046875 0.3703125 0.1390625 0.196875
0 0.7640625 0.296875 0.140625 0.046875
0 0.03203125 0.9546875 0.0640625 0.090625
0 0.321875 0.609375 0.03125 0.03125
0 0.41328125 0.775 0.0515625 0.05625
0 0.2671875 0.8234375 0.1609375 0.06875
0 0.1546875 0.825 0.096875 0.0671875
0 0.40078125 0.64296875 0.0765625 0.0796875
0 0.9671875 0.515625 0.065625 0.09375
0 0.471875 0.8984375 0.04375 0.05
0 0.90234375 0.8796875 0.1953125 0.240625
0 0.54375 0.4921875 0.04375 0.0375