0 0.5828125 0.053125 0.078125 0.078125
0 0.5796875 0.26875 0.040625 0.040625
0 0.4546875 0.52265625 0.05 0.0328125
0 0.059375 0.071875 0.04375 0.04375
0 0.4140625 0.0875 0.025 0.03125
0 0.109375 0.1453125 0.059375 0.05
0 0.3796875 0.49375 0.078125 0.078125
0 0.271875 0.309375 0.065625 0.03125
0 0.53125 0.609375 0.08125 0.08125
0 0.6125 0.5546875 0.053125 0.03125
0 0.29375 0.7578125 0.084375 0.084375
0 0.19375 0.84375 0.075 0.075
0 0.3578125 0.703125 0.071875 0.071875
0 0.4 0.675 0.0875 0.05625
0 0.7578125 0.56328125 0.1625 0.0484375