0 0.084375 0.4546875 0.053125 0.053125
0 0.3890625 0.3890625 0.04375 0.04375
0 0.3953125 0.4609375 0.04375 0.04375
0 0.653125 0.1640625 0.090625 0.0375
0 0.6375 0.00390625 0.040625 0.0078125
0 0.359375 0.1015625 0.159375 0.159375
0 0.4109375 0.0140625 0.103125 0.028125
0 0.69296875 0.096875 0.0328125 0.159375
0 0.546875 0.0515625 0.053125 0.053125
0 0.4484375 0.1140625 0.15625 0.15625
0 0.6671875 0.0515625 0.046875 0.05
0 0.8609375 0.440625 0.0625 0.0625
0 0.05 0.6578125 0.059375 0.06875
0 0.71796875 0.85625 0.0171875 0.0375