0 0.12109375 0.021875 0.0671875 0.04375
0 0.20625 0.1453125 0.053125 0.053125
0 0.271875 0.45 0.0421875 0.0421875
0 0.2 0.45625 0.0453125 0.0421875
0 0.7375 0.690625 0.1125 0.1125
0 0.496875 0.7140625 0.0328125 0.0875
0 0.875 0.603125 0.028125 0.028125
0 0.55625 0.9625 0.046875 0.0578125
0 0.815625 0.725 0.0359375 0.0359375
0 0.671875 0.6984375 0.0390625 0.0390625
0 0.559375 0.4203125 0.115625 0.2015625
0 0.684375 0.471875 0.0953125 0.0984375
0 0.5640625 0.81875 0.1390625 0.16875
0 0.609375 0.6078125 0.046875 0.0546875
0 0.546875 0.509375 0.1328125 0.16875
0 0.6875 0.903125 0.0609375 0.0625
0 0.696875 0.803125 0.05625 0.071875
0 0.6734375 0.9125 0.084375 0.0640625
0 0.759375 0.746875 0.021875 0.0234375
0 0.8625 0.646875 0.0328125 0.0546875
0 0.609375 0.728125 0.0453125 0.046875
0 0.490625 0.80625 0.0203125 0.0234375
0 0.915625 0.6 0.040625 0.0359375