0 0.54375 0.4859375 0.03125 0.03125
0 0.5671875 0.5421875 0.028125 0.028125
0 0.50625 0.05 0.04375 0.04375
0 0.4125 0.3875 0.03125 0.04375
0 0.525 0.1015625 0.071875 0.071875
0 0.409375 0.3765625 0.025 0.05625
0 0.796875 0.55234375 0.06875 0.0546875
0 0.8390625 0.4625 0.078125 0.078125
0 0.946875 0.4 0.021875 0.05625
0 0.975 0.06015625 0.05 0.1203125
0 0.51875 0.728125 0.03125 0.028125
0 0.78125 0.9328125 0.059375 0.059375
0 0.7890625 0.8953125 0.04375 0.04375
0 0.84375 0.9015625 0.046875 0.046875
0 0.796875 0.9390625 0.03125 0.03125