0 0.4 0.2109375 0.096875 0.096875
0 0.43046875 0.034375 0.1203125 0.06875
0 0.296875 0.3578125 0.0640625 0.0640625
0 0.790625 0.4625 0.06875 0.06875
0 0.640625 0.36875 0.028125 0.028125
0 0.7640625 0.3984375 0.0328125 0.0328125
0 0.74375 0.06875 0.03125 0.0296875
0 0.665625 0.50625 0.028125 0.028125
0 0.75625 0.01875 0.0296875 0.0296875
0 0.6890625 0.45 0.025 0.0265625
0 0.975 0.9625 0.05 0.0734375
0 0.628125 0.9421875 0.0421875 0.0453125
0 0.534375 0.6046875 0.0296875 0.04375
0 0.9921875 0.94375 0.015625 0.0421875
0 0.875 0.971875 0.046875 0.04375
0 0.646875 0.890625 0.059375 0.0765625
0 0.53125 0.615625 0.0234375 0.0546875
0 0.940625 0.5984375 0.0453125 0.046875