0 0.04765625 0.240625 0.0953125 0.165625
0 0.0984375 0.253125 0.196875 0.19375
0 0.1828125 0.1921875 0.08125 0.065625
0 0.2765625 0.140625 0.04375 0.040625
0 0.8953125 0.3671875 0.040625 0.040625
0 0.471875 0.3765625 0.0625 0.0625
0 0.859375 0.08125 0.028125 0.0625
0 0.33125 0.73125 0.075 0.215625
0 0.1921875 0.959375 0.09375 0.08125
0 0.34921875 0.821875 0.0390625 0.09375
0 0.1140625 0.66875 0.05 0.090625
0 0.0703125 0.784375 0.1 0.1
0 0.471875 0.8453125 0.11875 0.11875
0 0.83125 0.5640625 0.04375 0.04375
0 0.96875 0.5796875 0.0625 0.078125