0 0.20625 0.053125 0.040625 0.040625
0 0.2921875 0.0484375 0.040625 0.040625
0 0.159375 0.2875 0.040625 0.040625
0 0.2375 0.128125 0.0875 0.0875
0 0.4375 0.38125 0.040625 0.040625
0 0.1234375 0.390625 0.06875 0.05625
0 0.9265625 0.0453125 0.05 0.05
0 0.9578125 0.0859375 0.0625 0.0625
0 0.9421875 0.4109375 0.05 0.05
0 0.184375 0.915625 0.06875 0.06875
0 0.334375 0.996875 0.03125 0.00625
0 0.2109375 0.9796875 0.034375 0.034375
0 0.309375 0.871875 0.03125 0.03125
0 0.2859375 0.928125 0.025 0.0265625
0 0.440625 0.7734375 0.0296875 0.04375
0 0.328125 0.496875 0.059375 0.05625
0 0.44375 0.7625 0.0234375 0.0546875
0 0.034375 0.7796875 0.0453125 0.046875
0 0.7921875 0.9390625 0.153125 0.121875
0 0.6734375 0.715625 0.078125 0.078125
0 0.98046875 0.5625 0.0390625 0.1125
0 0.80078125 0.53984375 0.2359375 0.1421875
0 0.9484375 0.55625 0.1 0.1
0 0.6265625 0.5625 0.109375 0.1
0 0.628125 0.540625 0.15625 0.14375