0 0.0640625 0.271875 0.08125 0.08125
0 0.27734375 0.51015625 0.0234375 0.0859375
0 0.1234375 0.36875 0.05625 0.05625
0 0.2140625 0.3515625 0.040625 0.0375
0 0.4109375 0.0359375 0.09375 0.071875
0 0.6234375 0.0765625 0.125 0.125
0 0.46875 0.04609375 0.1125 0.0921875
0 0.3734375 0.0328125 0.16875 0.065625
0 0.8671875 0.1578125 0.08125 0.08125
0 0.2390625 0.8109375 0.040625 0.040625
0 0.24375 0.725 0.040625 0.040625
0 0.0140625 0.8578125 0.028125 0.0375
0 0.1640625 0.7796875 0.115625 0.065625
0 0.4453125 0.93125 0.0625 0.0625
0 0.6609375 0.95625 0.05625 0.053125
0 0.5421875 0.96875 0.05 0.05
0 0.65390625 0.9921875 0.0546875 0.015625
0 0.6046875 0.9375 0.065625 0.0625