0 0.484375 0.334375 0.034375 0.034375
0 0.1078125 0.0375 0.0625 0.075
0 0.903125 0.3453125 0.05625 0.059375
0 0.56015625 0.03125 0.0609375 0.0625
0 0.9515625 0.47421875 0.078125 0.0515625
0 0.715625 0.253125 0.04375 0.040625
0 0.884375 0.45 0.046875 0.046875
0 0.625 0.290625 0.05 0.05
0 0.97734375 0.32890625 0.0453125 0.0640625
0 0.4890625 0.5609375 0.065625 0.06875
0 0.2734375 0.52578125 0.075 0.0515625
0 0.02109375 0.66875 0.0421875 0.05625
0 0.0984375 0.61875 0.0515625 0.0515625
0 0.13359375 0.9921875 0.0421875 0.015625
0 0.709375 0.8390625 0.040625 0.040625
0 0.54375 0.659375 0.021875 0.021875