0 0.09375 0.3328125 0.0875 0.059375
0 0.640625 0.2140625 0.0375 0.109375
0 0.4171875 0.2546875 0.0375 0.059375
0 0.48125 0.35 0.05 0.0625
0 0.88125 0.3484375 0.078125 0.078125
0 0.67890625 0.2890625 0.0390625 0.071875
0 0.8515625 0.103125 0.071875 0.090625
0 0.8125 0.3890625 0.05 0.046875
0 0.9484375 0.225 0.046875 0.05625
0 0.7609375 0.196875 0.0625 0.0796875
0 0.9734375 0.0703125 0.053125 0.065625
0 0.8578125 0.1265625 0.05625 0.0515625
0 0.8546875 0.078125 0.0625 0.0484375
0 0.3953125 0.665625 0.046875 0.040625
0 0.0640625 0.453125 0.028125 0.028125
0 0.01328125 0.7359375 0.0265625 0.025
0 0.70625 0.5765625 0.04375 0.04375