0 0.0796875 0.1640625 0.025 0.025
0 0.090625 0.01875 0.040625 0.0375
0 0.2078125 0.3421875 0.05 0.05
0 0.00625 0.3234375 0.0125 0.028125
0 0.778125 0.06875 0.06875 0.06875
0 0.8921875 0.14375 0.034375 0.0375
0 0.734375 0.29375 0.0625 0.0625
0 0.95078125 0.06875 0.0984375 0.1375
0 0.9390625 0.1625 0.084375 0.084375
0 0.084375 0.57109375 0.16875 0.2765625
0 0.115625 0.6734375 0.23125 0.14375
0 0.4546875 0.6296875 0.028125 0.0375
0 0.47734375 0.6640625 0.0453125 0.05
0 0.95625 0.428125 0.040625 0.04375
0 0.5109375 0.878125 0.021875 0.05