0 0.2296875 0.3140625 0.059375 0.065625
0 0.2328125 0.2375 0.075 0.0625
0 0.55390625 0.19375 0.0515625 0.059375
0 0.4765625 0.3 0.04375 0.04375
0 0.93125 0.184375 0.03125 0.03125
0 0.8421875 0.08125 0.084375 0.084375
0 0.6109375 0.18125 0.05625 0.021875
0 0.759375 0.01171875 0.05625 0.0234375
0 0.9765625 0.01640625 0.0375 0.0328125
0 0.7578125 0.6234375 0.05 0.04375
0 0.6484375 0.62890625 0.090625 0.0421875
0 0.3375 0.7625 0.090625 0.090625
0 0.31171875 0.9171875 0.0828125 0.165625
0 0.884375 0.8421875 0.04375 0.04375
0 0.85 0.7296875 0.028125 0.046875