0 0.58125 0.38125 0.053125 0.0375
0 0.640625 0.3546875 0.0375 0.0375
0 0.65 0.1859375 0.04375 0.046875
0 0.48125 0.1046875 0.046875 0.05
0 0.49375 0.2984375 0.04375 0.04375
0 0.359375 0.03671875 0.084375 0.0734375
0 0.70625 0.290625 0.040625 0.046875
0 0.3609375 0.2234375 0.03125 0.03125
0 0.5234375 0.3296875 0.075 0.021875
0 0.2234375 0.9125 0.059375 0.05625
0 0.13125 0.725 0.0375 0.040625
0 0.16875 0.634375 0.046875 0.05
0 0.2078125 0.98203125 0.065625 0.0359375
0 0.08125 0.471875 0.075 0.028125
0 0.4875 0.878125 0.109375 0.2
0 0.5765625 0.6796875 0.15 0.15
0 0.6609375 0.49375 0.125 0.125