0 0.396875 0.01875 0.05 0.0375
0 0.021875 0.21171875 0.04375 0.0453125
0 0.41875 0.1875 0.0875 0.0875
0 0.728125 0.0453125 0.053125 0.03125
0 0.63125 0.7671875 0.078125 0.059375
0 0.484375 0.875 0.1578125 0.1078125
0 0.6625 0.878125 0.0359375 0.0390625
0 0.4328125 0.815625 0.078125 0.078125
0 0.025 0.9 0.0453125 0.0421875
0 0.73671875 0.98984375 0.0453125 0.0203125
0 0.696875 0.896875 0.034375 0.0671875
0 0.859375 0.665625 0.0484375 0.046875
0 0.896875 0.4421875 0.0328125 0.025
0 0.7125 0.521875 0.0640625 0.184375