0 0.290625 0.1515625 0.0375 0.040625
0 0.26875 0.2734375 0.04375 0.04375
0 0.2421875 0.3421875 0.05625 0.071875
0 0.28125 0.053125 0.0375 0.040625
0 0.61875 0.26875 0.04375 0.046875
0 0.8265625 0.334375 0.0375 0.0375
0 0.9703125 0.2546875 0.059375 0.084375
0 0.95234375 0.10546875 0.0953125 0.1265625
0 0.0546875 0.4203125 0.05625 0.05625
0 0.4234375 0.6421875 0.1125 0.10625
0 0.0640625 0.5671875 0.0375 0.0375
0 0.1796875 0.3890625 0.04375 0.01875
0 0.8375 0.64375 0.090625 0.090625
0 0.7640625 0.6875 0.071875 0.075
0 0.725 0.99140625 0.075 0.0171875
0 0.684375 0.45859375 0.03125 0.1171875