0 0.453125 0.0984375 0.10625 0.10625
0 0.8078125 0.265625 0.384375 0.20625
0 0.92578125 0.21953125 0.1484375 0.1109375
0 0.03203125 0.634375 0.0640625 0.075
0 0.10625 0.93125 0.0484375 0.0484375
0 0.2953125 0.94453125 0.0875 0.1109375
0 0.453125 0.4140625 0.228125 0.090625
0 0.5078125 0.4203125 0.2375 0.103125
0 0.60703125 0.98203125 0.1046875 0.0359375
0 0.3984375 0.79375 0.040625 0.0421875
0 0.853125 0.37421875 0.025 0.0109375
0 0.88125 0.3953125 0.0515625 0.046875
0 0.93125 0.70703125 0.1375 0.1703125