0 0.1765625 0.078125 0.059375 0.059375
0 0.3984375 0.1234375 0.053125 0.053125
0 0.2515625 0.515625 0.03125 0.028125
0 0.26875 0.4359375 0.028125 0.03125
0 0.6890625 0.1328125 0.053125 0.05625
0 0.89375 0.125 0.03125 0.03125
0 0.4984375 0.36875 0.040625 0.0375
0 0.4765625 0.5046875 0.034375 0.034375
0 0.965625 0.1234375 0.028125 0.025
0 0.4625 0.128125 0.025 0.04375
0 0.6625 0.3671875 0.025 0.028125
0 0.8046875 0.125 0.05625 0.025
0 0.153125 0.5765625 0.0375 0.03125
0 0.13515625 0.98125 0.0484375 0.0375
0 0.6921875 0.9375 0.459375 0.125
0 0.84921875 0.93203125 0.3015625 0.1109375