0 0.4046875 0.0390625 0.128125 0.078125
0 0.4265625 0.25625 0.084375 0.084375
0 0.453125 0.5359375 0.0515625 0.065625
0 0.43125 0.7828125 0.0640625 0.0640625
0 0.31875 0.596875 0.0609375 0.0625
0 0.4015625 0.68125 0.05 0.0484375
0 0.346875 0.5 0.0421875 0.0453125
0 0.371875 0.5625 0.05 0.0640625
0 0.465625 0.98125 0.0265625 0.0359375
0 0.340625 0.653125 0.0640625 0.0671875
0 0.89609375 0.98984375 0.0640625 0.0203125
0 0.9078125 0.78125 0.184375 0.2125
0 0.965625 0.7625 0.06875 0.084375
0 0.765625 0.875 0.1421875 0.1125
0 0.50625 0.528125 0.0484375 0.0515625
0 0.975 0.75625 0.05 0.1046875
0 0.9 0.8109375 0.125 0.1046875