0 0.7125 0.48125 0.028125 0.028125
0 0.7828125 0.115625 0.05625 0.065625
0 0.8828125 0.1625 0.028125 0.03125
0 0.76875 0.309375 0.025 0.025
0 0.509375 0.2140625 0.0453125 0.0453125
0 0.346875 0.27421875 0.05625 0.0953125
0 0.47421875 0.0609375 0.3109375 0.121875
0 0.4515625 0.2921875 0.053125 0.053125
0 0.5140625 0.284375 0.0515625 0.0609375
0 0.384375 0.2390625 0.0390625 0.034375
0 0.0515625 0.7734375 0.084375 0.046875
0 0.734375 0.975 0.109375 0.05
0 0.4 0.98125 0.040625 0.0375
0 0.528125 0.746875 0.109375 0.109375