0 0.1921875 0.365625 0.053125 0.053125
0 0.5546875 0.35625 0.0390625 0.0609375
0 0.5265625 0.2125 0.0390625 0.103125
0 0.09375 0.8171875 0.05 0.096875
0 0.103125 0.8484375 0.025 0.0296875
0 0.584375 0.671875 0.059375 0.059375
0 0.653125 0.6984375 0.0546875 0.0546875
0 0.740625 0.921875 0.0625 0.0625
0 0.809375 0.7921875 0.078125 0.078125
0 0.803125 0.9609375 0.078125 0.0765625
0 0.7875 0.846875 0.0671875 0.0671875
0 0.575 0.84375 0.0328125 0.0328125
0 0.846875 0.771875 0.053125 0.0671875
0 0.865625 0.8875 0.08125 0.1015625
0 0.921875 0.684375 0.0578125 0.0609375
0 0.671875 0.621875 0.046875 0.0484375
0 0.58125 0.475 0.04375 0.04375
0 0.971875 0.55625 0.0390625 0.0390625