0 0.2125 0.0390625 0.021875 0.01875
0 0.88125 0.1 0.08125 0.05625
0 0.0109375 0.7953125 0.021875 0.04375
0 0.04375 0.9828125 0.0625 0.034375
0 0.040625 0.70625 0.05625 0.05625
0 0.0625 0.765625 0.065625 0.05625
0 0.3 0.7203125 0.0828125 0.0828125
0 0.38984375 0.70625 0.0984375 0.084375
0 0.121875 0.8015625 0.0203125 0.04375
0 0.2 0.74375 0.0640625 0.075
0 0.8265625 0.409375 0.096875 0.096875
0 0.6296875 0.3515625 0.0625 0.04375
0 0.7265625 0.54375 0.121875 0.121875
0 0.9734375 0.6453125 0.034375 0.034375
0 0.6765625 0.6125 0.053125 0.046875
0 0.6265625 0.85 0.034375 0.0828125