0 0.24375 0.31640625 0.10625 0.1046875
0 0.253125 0.2703125 0.146875 0.04375
0 0.7234375 0.275 0.10625 0.103125
0 0.8453125 0.1328125 0.06875 0.06875
0 0.8390625 0.0421875 0.165625 0.084375
0 0.7796875 0.14375 0.128125 0.128125
0 0.884375 0.225 0.090625 0.084375
0 0.5484375 0.146875 0.0671875 0.065625
0 0.4703125 0.15625 0.0421875 0.0421875
0 0.7375 0.3609375 0.06875 0.015625
0 0.103125 0.703125 0.046875 0.046875
0 0.02734375 0.60078125 0.0546875 0.0390625
0 0.8515625 0.54375 0.115625 0.115625
0 0.6625 0.68125 0.0625 0.065625
0 0.7546875 0.84375 0.06875 0.06875
0 0.7234375 0.74375 0.065625 0.065625
0 0.4046875 0.728125 0.05625 0.05625
0 0.928125 0.95625 0.14375 0.0875