0 0.1734375 0.2453125 0.078125 0.078125
0 0.3515625 0.11953125 0.15625 0.2390625
0 0.3078125 0.4265625 0.06875 0.065625
0 0.3328125 0.01171875 0.10625 0.0234375
0 0.3265625 0.2921875 0.10625 0.115625
0 0.35234375 0.321875 0.1546875 0.221875
0 0.5875 0.46875 0.046875 0.046875
0 0.8375 0.10625 0.040625 0.040625
0 0.99375 0.2984375 0.0125 0.034375
0 0.8296875 0.3875 0.084375 0.084375
0 0.9578125 0.115625 0.05625 0.05625
0 0.7703125 0.396875 0.034375 0.0375
0 0.896875 0.371875 0.075 0.075
0 0.81875 0.371875 0.059375 0.059375
0 0.7140625 0.575 0.103125 0.075
0 0.5859375 0.575 0.06875 0.06875
0 0.525 0.59375 0.096875 0.071875
0 0.04375 0.7296875 0.05 0.05
0 0.071875 0.978125 0.065625 0.04375
0 0.290625 0.9109375 0.0875 0.0875
0 0.471875 0.86875 0.075 0.075
0 0.5890625 0.98515625 0.034375 0.0296875
0 0.50625 0.79375 0.025 0.028125