0 0.02265625 0.0484375 0.0453125 0.06875
0 0.2515625 0.05546875 0.159375 0.1109375
0 0.3703125 0.2703125 0.075 0.075
0 0.01484375 0.4640625 0.0296875 0.05
0 0.04296875 0.4234375 0.0859375 0.11875
0 0.2421875 0.42734375 0.253125 0.1234375
0 0.5515625 0.4046875 0.0625 0.0625
0 0.0953125 0.4296875 0.103125 0.103125
0 0.4171875 0.4234375 0.1125 0.1125
0 0.446875 0.43125 0.21875 0.115625
0 0.234375 0.86875 0.059375 0.059375
0 0.48125 0.85 0.06875 0.06875
0 0.5734375 0.8640625 0.04375 0.059375
0 0.8125 0.6296875 0.0625 0.05625
0 0.9625 0.5234375 0.034375 0.034375
0 0.8296875 0.525 0.0390625 0.0375