0 0.528125 0.01484375 0.034375 0.0296875
0 0.6625 0.059375 0.065625 0.065625
0 0.1390625 0.3796875 0.03125 0.03125
0 0.0359375 0.671875 0.034375 0.034375
0 0.8640625 0.6265625 0.0375 0.05
0 0.8265625 0.4671875 0.090625 0.065625
0 0.9671875 0.4671875 0.0640625 0.0390625
0 0.6703125 0.64375 0.0578125 0.0421875
0 0.8265625 0.596875 0.0453125 0.034375
0 0.8546875 0.4609375 0.0421875 0.0375
0 0.98359375 0.47734375 0.0328125 0.0640625
0 0.79375 0.609375 0.1046875 0.0296875
0 0.7078125 0.690625 0.0328125 0.034375