0 0.471875 0.378125 0.10625 0.10625
0 0.390625 0.46953125 0.05625 0.0203125
0 0.46875 0.4546875 0.03125 0.0375
0 0.13125 0.46875 0.084375 0.021875
0 0.04453125 0.459375 0.0890625 0.040625
0 0.928125 0.0984375 0.075 0.075
0 0.3015625 0.8046875 0.0375 0.078125
0 0.4578125 0.7546875 0.03125 0.03125
0 0.5125 0.58125 0.034375 0.03125
0 0.00859375 0.6125 0.0171875 0.0375
0 0.1578125 0.5703125 0.03125 0.03125
0 0.98515625 0.84375 0.0296875 0.06875
0 0.809375 0.6171875 0.040625 0.040625
0 0.715625 0.71875 0.08125 0.071875