0 0.1515625 0.00703125 0.04375 0.0140625
0 0.1921875 0.1890625 0.103125 0.10625
0 0.1109375 0.0796875 0.05625 0.05625
0 0.0890625 0.02265625 0.0625 0.0453125
0 0.1890625 0.1125 0.0375 0.034375
0 0.45234375 0.13125 0.0265625 0.040625
0 0.5609375 0.053125 0.040625 0.03125
0 0.89375 0.3640625 0.034375 0.03125
0 0.828125 0.3375 0.025 0.021875
0 0.40625 0.96015625 0.065625 0.0796875
0 0.125 0.63125 0.0640625 0.184375
0 0.73125 0.684375 0.109375 0.053125
0 0.65 0.8359375 0.06875 0.0375
0 0.6640625 0.8984375 0.04375 0.059375