0 0.23125 0.3515625 0.040625 0.040625
0 0.071875 0.38125 0.034375 0.034375
0 0.5265625 0.2828125 0.0375 0.034375
0 0.0453125 0.884375 0.090625 0.025
0 0.0296875 0.56640625 0.059375 0.0609375
0 0.2515625 0.7578125 0.075 0.0765625
0 0.1109375 0.4609375 0.08125 0.0625
0 0.103125 0.521875 0.05625 0.0546875
0 0.3734375 0.8953125 0.028125 0.04375
0 0.5640625 0.9359375 0.096875 0.109375
0 0.4546875 0.8546875 0.05625 0.05625
0 0.3953125 0.8328125 0.05 0.0609375
0 0.4875 0.9328125 0.0375 0.0328125
0 0.440625 0.5953125 0.0828125 0.0828125
0 0.4546875 0.5046875 0.084375 0.1
0 0.3703125 0.77265625 0.021875 0.0203125
0 0.4171875 0.6953125 0.075 0.0640625