0 0.2921875 0.6609375 0.053125 0.053125
0 0.3703125 0.7125 0.046875 0.034375
0 0.41875 0.3125 0.078125 0.08125
0 0.6578125 0.5109375 0.04375 0.04375
0 0.85625 0.5515625 0.103125 0.103125
0 0.746875 0.4703125 0.053125 0.053125
0 0.6875 0.4484375 0.059375 0.059375
0 0.7796875 0.5484375 0.0375 0.0328125
0 0.7328125 0.2109375 0.0828125 0.0828125
0 0.746875 0.1203125 0.084375 0.1
0 0.6515625 0.3890625 0.04375 0.0203125
0 0.709375 0.3109375 0.075 0.0640625
0 0.2546875 0.809375 0.10625 0.10625
0 0.8359375 0.97421875 0.125 0.0515625
0 0.81875 0.8734375 0.05 0.046875