0 0.696875 0.4 0.090625 0.0796875
0 0.56875 0.303125 0.0390625 0.0390625
0 0.2625 0.4765625 0.0828125 0.075
0 0.1765625 0.55 0.090625 0.0828125
0 0.1140625 0.9625 0.0640625 0.0625
0 0.796875 0.65 0.0953125 0.0953125
0 0.8109375 0.475 0.078125 0.0734375
0 0.7609375 0.5078125 0.153125 0.1375
0 0.50546875 0.96484375 0.0546875 0.0703125
0 0.565625 0.921875 0.0671875 0.078125
0 0.521875 0.546875 0.046875 0.0484375
0 0.509375 0.859375 0.0578125 0.08125
0 0.5078125 0.86875 0.05625 0.05625
0 0.534375 0.7328125 0.0546875 0.0640625
0 0.86875 0.5125 0.14375 0.14375
0 0.575 0.7921875 0.1140625 0.125