0 0.359375 0.15390625 0.134375 0.2921875
0 0.4328125 0.29609375 0.028125 0.0078125
0 0.43125 0.06171875 0.228125 0.1234375
0 0.825 0.29296875 0.040625 0.0140625
0 0.68125 0.675 0.05 0.05
0 0.4796875 0.76875 0.0375 0.0375
0 0.4953125 0.978125 0.028125 0.028125
0 0.4953125 0.646875 0.0625 0.028125
0 0.4421875 0.4265625 0.059375 0.059375
0 0.9890625 0.459375 0.021875 0.071875
0 0.9453125 0.80625 0.075 0.075
0 0.8125 0.97421875 0.046875 0.0515625
0 0.8234375 0.603125 0.05 0.05
0 0.8515625 0.9828125 0.04375 0.034375
0 0.80234375 0.4265625 0.0265625 0.06875
0 0.8234375 0.503125 0.0453125 0.046875