0 0.2046875 0.203125 0.0625 0.06875
0 0.55 0.2328125 0.1109375 0.115625
0 0.7875 0.1921875 0.1546875 0.20625
0 0.840625 0.38828125 0.11875 0.1015625
0 0.775 0.2921875 0.0703125 0.06875
0 0.771875 0.1078125 0.1484375 0.134375
0 0.8125 0.403125 0.0375 0.0359375
0 0.0625 0.965625 0.0875 0.06875
0 0.3953125 0.8515625 0.009375 0.0625
0 0.240625 0.9234375 0.0703125 0.0640625
0 0.38671875 0.89453125 0.0265625 0.0515625
0 0.35703125 0.89765625 0.0859375 0.0734375
0 0.253125 0.8640625 0.0453125 0.0453125
0 0.16875 0.6203125 0.0515625 0.053125
0 0.14375 0.496875 0.059375 0.059375