0 0.3640625 0.28125 0.04375 0.046875
0 0.3859375 0.43125 0.05 0.05
0 0.16875 0.221875 0.075 0.071875
0 0.42890625 0.071875 0.0421875 0.14375
0 0.38125 0.1703125 0.05625 0.059375
0 0.42890625 0.071875 0.0421875 0.09375
0 0.384375 0.20625 0.115625 0.115625
0 0.0375 0.315625 0.053125 0.053125
0 0.009375 0.278125 0.01875 0.021875
0 0.9734375 0.23515625 0.053125 0.1046875
0 0.78125 0.2125 0.090625 0.090625
0 0.5015625 0.1859375 0.059375 0.0625
0 0.4609375 0.3203125 0.021875 0.0625
0 0.5375 0.2921875 0.046875 0.046875
0 0.47890625 0.2671875 0.0578125 0.053125
0 0.509375 0.1328125 0.053125 0.053125
0 0.0828125 0.98515625 0.028125 0.0296875